0.5 11.911356925964355
0.6 9.09027099609375
0.7 6.681166172027588
0.8 4.761516571044922
0.9 3.3643760681152344
1.0 2.3337440490722656
1.1 1.4653353691101074
1.2000000000000002 0.842395007610321
1.3 0.5711769461631775
1.4 0.4957827925682068
1.5 0.4898677468299866
1.6 0.5254834294319153
1.7000000000000002 0.6075908541679382
1.8 0.7027118802070618
1.9000000000000001 0.7620962262153625
2.0 0.7858852744102478
2.1 0.7874614596366882
2.2 0.7941648364067078
2.3 0.8286193013191223
2.4000000000000004 0.8959127068519592
2.5 0.9810754656791687
2.6 1.048328161239624
2.7 1.114001989364624
2.8000000000000003 1.181849718093872
2.9000000000000004 1.2492921352386475
3.0 1.3146576881408691
3.1 1.3641903400421143
3.2 1.395622730255127
3.3000000000000003 1.400528907775879
3.4000000000000004 1.368553876876831
3.5 1.3431763648986816
3.6 1.3476228713989258
3.7 1.3365812301635742
3.8000000000000003 1.3232440948486328
3.9000000000000004 1.3168411254882812
4.0 1.318404197692871
4.1 1.3267807960510254
4.2 1.336580514907837
4.300000000000001 1.3472435474395752
4.4 1.3764128684997559
4.5 1.4176421165466309
4.6000000000000005 1.4584672451019287
4.7 1.4920482635498047
4.8 1.5130810737609863
4.9 1.5344860553741455
5.0 1.559797763824463
5.1000000000000005 1.5889015197753906
5.2 1.620832920074463
5.300000000000001 1.6562395095825195
5.4 1.6946728229522705
5.5 1.7388579845428467
5.6000000000000005 1.789743423461914
5.7 1.8280057907104492
5.800000000000001 1.8448426723480225
5.9 1.8595592975616455
6.0 1.8760106563568115
