0.5 12.873055458068848
0.6 9.87997055053711
0.7 7.340487003326416
0.8 5.294135570526123
0.9 3.7429375648498535
1.0 2.6132795810699463
1.1 1.6500029563903809
1.2000000000000002 0.8735255599021912
1.3 0.4278807044029236
1.4 0.2723701596260071
1.5 0.23463106155395508
1.6 0.24297422170639038
1.7000000000000002 0.2843173146247864
1.8 0.35955697298049927
1.9000000000000001 0.4222322106361389
2.0 0.449148952960968
2.1 0.4477834105491638
2.2 0.44475144147872925
2.3 0.46027451753616333
2.4000000000000004 0.511603057384491
2.5 0.588493287563324
2.6 0.6596152186393738
2.7 0.7266532778739929
2.8000000000000003 0.7988987565040588
2.9000000000000004 0.8692876696586609
3.0 0.9396448731422424
3.1 0.994692862033844
3.2 1.0376503467559814
3.3000000000000003 1.0597012042999268
3.4000000000000004 1.0569758415222168
3.5 1.0286269187927246
3.6 1.0411193370819092
3.7 1.0360264778137207
3.8000000000000003 1.0267961025238037
3.9000000000000004 1.0179290771484375
4.0 1.0182018280029297
4.1 1.0215601921081543
4.2 1.0274741649627686
4.300000000000001 1.033759593963623
4.4 1.0503559112548828
4.5 1.0811998844146729
4.6000000000000005 1.1122150421142578
4.7 1.1421761512756348
4.8 1.1668057441711426
4.9 1.1816973686218262
5.0 1.1991076469421387
5.1000000000000005 1.2235398292541504
5.2 1.2510709762573242
5.300000000000001 1.2782130241394043
5.4 1.3079099655151367
5.5 1.344301700592041
5.6000000000000005 1.3825206756591797
5.7 1.4210200309753418
5.800000000000001 1.4450147151947021
5.9 1.468233585357666
6.0 1.4958791732788086
