0.5 10.190692901611328
0.6 7.69079065322876
0.7 5.677751541137695
0.8 4.156804084777832
0.9 3.0444164276123047
1.0 2.0799198150634766
1.1 1.2408199310302734
1.2000000000000002 0.6642069220542908
1.3 0.39608484506607056
1.4 0.2845991253852844
1.5 0.24471229314804077
1.6 0.24421697854995728
1.7000000000000002 0.2806244492530823
1.8 0.34242886304855347
1.9000000000000001 0.3916553854942322
2.0 0.41052359342575073
2.1 0.4050973057746887
2.2 0.3968920111656189
2.3 0.39861518144607544
2.4000000000000004 0.4172033667564392
2.5 0.4478974938392639
2.6 0.47893935441970825
2.7 0.5197431445121765
2.8000000000000003 0.5681144595146179
2.9000000000000004 0.6216686367988586
3.0 0.6757025122642517
3.1 0.7265239357948303
3.2 0.7785874009132385
3.3000000000000003 0.8316536545753479
3.4000000000000004 0.8818057179450989
3.5 0.9078733325004578
3.6 0.9129818081855774
3.7 0.915449321269989
3.8000000000000003 0.9224626421928406
3.9000000000000004 0.9328398108482361
4.0 0.9441975951194763
4.1 0.9567332863807678
4.2 0.9708536267280579
4.300000000000001 0.986113965511322
4.4 1.0035502910614014
4.5 1.0242817401885986
4.6000000000000005 1.0505666732788086
4.7 1.0753717422485352
4.8 1.0899081230163574
4.9 1.1078238487243652
5.0 1.1313982009887695
5.1000000000000005 1.159346580505371
5.2 1.190748691558838
5.300000000000001 1.2265183925628662
5.4 1.266679286956787
5.5 1.311985969543457
5.6000000000000005 1.363065481185913
5.7 1.3987743854522705
5.800000000000001 1.4152324199676514
5.9 1.4285285472869873
6.0 1.4433412551879883
