0.5 11.679939270019531
0.6 8.918133735656738
0.7 6.627434253692627
0.8 4.858198165893555
0.9 3.584670066833496
1.0 2.607093334197998
1.1 1.676934003829956
1.2000000000000002 0.9180793166160583
1.3 0.44709306955337524
1.4 0.26049691438674927
1.5 0.18881982564926147
1.6 0.16758543252944946
1.7000000000000002 0.17194926738739014
1.8 0.2027442455291748
1.9000000000000001 0.24610501527786255
2.0 0.2779882550239563
2.1 0.2883405089378357
2.2 0.2836999297142029
2.3 0.2799360156059265
2.4000000000000004 0.284634530544281
2.5 0.3046424984931946
2.6 0.33306270837783813
2.7 0.36882907152175903
2.8000000000000003 0.4145907759666443
2.9000000000000004 0.46841341257095337
3.0 0.5263168215751648
3.1 0.5846219658851624
3.2 0.6433995366096497
3.3000000000000003 0.7037180066108704
3.4000000000000004 0.7697229981422424
3.5 0.8264121413230896
3.6 0.8425750136375427
3.7 0.8522877097129822
3.8000000000000003 0.8612461686134338
3.9000000000000004 0.8711325526237488
4.0 0.8818759322166443
4.1 0.8899478316307068
4.2 0.8975843787193298
4.300000000000001 0.906050980091095
4.4 0.9147552847862244
4.5 0.9224892258644104
4.6000000000000005 0.9334607720375061
4.7 0.945283830165863
4.8 0.9564395546913147
4.9 0.9675973057746887
5.0 0.981396496295929
5.1000000000000005 1.0020270347595215
5.2 1.0267462730407715
5.300000000000001 1.0562031269073486
5.4 1.0907928943634033
5.5 1.1314785480499268
5.6000000000000005 1.1776165962219238
5.7 1.226841688156128
5.800000000000001 1.254197359085083
5.9 1.274376392364502
6.0 1.2975883483886719
