0.5 13.097000122070312
0.6 10.2625150680542
0.7 7.80458402633667
0.8 5.829315185546875
0.9 4.345761775970459
1.0 3.2384612560272217
1.1 2.2469162940979004
1.2000000000000002 1.404360294342041
1.3 0.8555129170417786
1.4 0.6183072924613953
1.5 0.5225066542625427
1.6 0.49260014295578003
1.7000000000000002 0.49776405096054077
1.8 0.5357916951179504
1.9000000000000001 0.5926814675331116
2.0 0.6354253888130188
2.1 0.6503024697303772
2.2 0.6453239321708679
2.3 0.6408197283744812
2.4000000000000004 0.647287905216217
2.5 0.6688429713249207
2.6 0.7004414200782776
2.7 0.7335107922554016
2.8000000000000003 0.7762071490287781
2.9000000000000004 0.8251709342002869
3.0 0.8787180781364441
3.1 0.9322801232337952
3.2 0.9837585091590881
3.3000000000000003 1.036266565322876
3.4000000000000004 1.091919183731079
3.5 1.144188404083252
3.6 1.165818214416504
3.7 1.1703464984893799
3.8000000000000003 1.173851728439331
3.9000000000000004 1.1816027164459229
4.0 1.1931769847869873
4.1 1.204843282699585
4.2 1.218536138534546
4.300000000000001 1.233962059020996
4.4 1.2500369548797607
4.5 1.2680962085723877
4.6000000000000005 1.2889485359191895
4.7 1.3151087760925293
4.8 1.338393211364746
4.9 1.3530097007751465
5.0 1.371241807937622
5.1000000000000005 1.3958427906036377
5.2 1.42411470413208
5.300000000000001 1.455427646636963
5.4 1.491417407989502
5.5 1.5317661762237549
5.6000000000000005 1.5771152973175049
5.7 1.628133773803711
5.800000000000001 1.6605710983276367
5.9 1.6746735572814941
6.0 1.6882598400115967
