0.5 13.079314231872559
0.6 10.08464241027832
0.7 7.466991901397705
0.8 5.301112651824951
0.9 3.697267532348633
1.0 2.567831039428711
1.1 1.6606733798980713
1.2000000000000002 0.9596421122550964
1.3 0.6242253184318542
1.4 0.5189817547798157
1.5 0.5031643509864807
1.6 0.5273258090019226
1.7000000000000002 0.6082058548927307
1.8 0.7303585410118103
1.9000000000000001 0.8199390769004822
2.0 0.8508971333503723
2.1 0.8544420599937439
2.2 0.8477078080177307
2.3 0.8552669882774353
2.4000000000000004 0.8887050747871399
2.5 0.950305163860321
2.6 1.0119872093200684
2.7 1.0573132038116455
2.8000000000000003 1.1067020893096924
2.9000000000000004 1.1650705337524414
3.0 1.2315216064453125
3.1 1.2871127128601074
3.2 1.3314852714538574
3.3000000000000003 1.364198923110962
3.4000000000000004 1.3685986995697021
3.5 1.328855276107788
3.6 1.3312644958496094
3.7 1.334700584411621
3.8000000000000003 1.3319377899169922
3.9000000000000004 1.3256213665008545
4.0 1.3309528827667236
4.1 1.3416500091552734
4.2 1.3607041835784912
4.300000000000001 1.3802826404571533
4.4 1.399427890777588
4.5 1.4452295303344727
4.6000000000000005 1.490659475326538
4.7 1.5387990474700928
4.8 1.5798187255859375
4.9 1.6077537536621094
5.0 1.636589527130127
5.1000000000000005 1.6725480556488037
5.2 1.7090508937835693
5.300000000000001 1.7481601238250732
5.4 1.7887778282165527
5.5 1.8325707912445068
5.6000000000000005 1.879450798034668
5.7 1.9301884174346924
5.800000000000001 1.9345757961273193
5.9 1.9345757961273193
6.0 1.9345757961273193
