0.5 18.226905822753906
0.6 23.082109451293945
0.7 22.020124435424805
0.8 23.575654983520508
0.9 20.957761764526367
1.0 20.246870040893555
1.1 20.53048324584961
1.2000000000000002 20.06484603881836
1.3 19.47251319885254
1.4 17.674222946166992
1.5 14.325305938720703
1.6 10.930496215820312
1.7000000000000002 7.963263034820557
1.8 5.399738311767578
1.9000000000000001 3.343745231628418
2.0 1.819155216217041
2.1 0.9614253640174866
2.2 0.6566055417060852
2.3 0.5786922574043274
2.4000000000000004 0.5640633702278137
2.5 0.5817862153053284
2.6 0.6136446595191956
2.7 0.6515831351280212
2.8000000000000003 0.6898307204246521
2.9000000000000004 0.7291286587715149
3.0 0.7751237750053406
3.1 0.8302268385887146
3.2 0.908046305179596
3.3000000000000003 0.996046245098114
3.4000000000000004 1.0799486637115479
3.5 1.1488537788391113
3.6 1.2057125568389893
3.7 1.254047155380249
3.8000000000000003 1.3012781143188477
3.9000000000000004 1.3415789604187012
4.0 1.3780474662780762
4.1 1.4109575748443604
4.2 1.4428150653839111
4.300000000000001 1.4773621559143066
4.4 1.5004875659942627
4.5 1.5019006729125977
4.6000000000000005 1.5054137706756592
4.7 1.5105252265930176
4.8 1.5119822025299072
4.9 1.5170509815216064
5.0 1.5252084732055664
5.1000000000000005 1.532468318939209
5.2 1.5419514179229736
5.300000000000001 1.5511186122894287
5.4 1.5624375343322754
5.5 1.5761077404022217
5.6000000000000005 1.5931951999664307
5.7 1.6130318641662598
5.800000000000001 1.6353025436401367
5.9 1.6582467555999756
6.0 1.678844690322876
