0.5 10.977214813232422
0.6 8.361908912658691
0.7 6.23359489440918
0.8 4.602085113525391
0.9 3.4059715270996094
1.0 2.3856470584869385
1.1 1.4817795753479004
1.2000000000000002 0.8632869124412537
1.3 0.5797978043556213
1.4 0.4725880026817322
1.5 0.43761688470840454
1.6 0.43543559312820435
1.7000000000000002 0.4611327052116394
1.8 0.5139855742454529
1.9000000000000001 0.5641927123069763
2.0 0.588763415813446
2.1 0.5907571911811829
2.2 0.5872190594673157
2.3 0.5875471234321594
2.4000000000000004 0.6013779044151306
2.5 0.6266260743141174
2.6 0.6526598334312439
2.7 0.6879951357841492
2.8000000000000003 0.7314603924751282
2.9000000000000004 0.7812986969947815
3.0 0.8332446217536926
3.1 0.8814019560813904
3.2 0.932926595211029
3.3000000000000003 0.9852767586708069
3.4000000000000004 1.038586139678955
3.5 1.0772147178649902
3.6 1.0899057388305664
3.7 1.0968050956726074
3.8000000000000003 1.1093389987945557
3.9000000000000004 1.1240074634552002
4.0 1.1412146091461182
4.1 1.156980037689209
4.2 1.1718342304229736
4.300000000000001 1.188817024230957
4.4 1.2049801349639893
4.5 1.2240393161773682
4.6000000000000005 1.2472000122070312
4.7 1.2733378410339355
4.8 1.2896645069122314
4.9 1.3054873943328857
5.0 1.3272604942321777
5.1000000000000005 1.3541393280029297
5.2 1.3844335079193115
5.300000000000001 1.4183018207550049
5.4 1.4581801891326904
5.5 1.502483606338501
5.6000000000000005 1.551882266998291
5.7 1.5925936698913574
5.800000000000001 1.607865571975708
5.9 1.620781421661377
6.0 1.634779930114746
