0.5 13.1799898147583
0.6 10.195854187011719
0.7 7.606948375701904
0.8 5.52053165435791
0.9 3.9486804008483887
1.0 2.8421082496643066
1.1 1.9061672687530518
1.2000000000000002 1.1128926277160645
1.3 0.6366034150123596
1.4 0.4834011197090149
1.5 0.4492841362953186
1.6 0.4578017592430115
1.7000000000000002 0.49239450693130493
1.8 0.5565922856330872
1.9000000000000001 0.6208880543708801
2.0 0.6548313498497009
2.1 0.6622301936149597
2.2 0.6596667170524597
2.3 0.6710371375083923
2.4000000000000004 0.7095817923545837
2.5 0.7766926884651184
2.6 0.8460893034934998
2.7 0.9114806056022644
2.8000000000000003 0.9794734120368958
2.9000000000000004 1.049208164215088
3.0 1.1248576641082764
3.1 1.1862690448760986
3.2 1.2358136177062988
3.3000000000000003 1.2678501605987549
3.4000000000000004 1.2787554264068604
3.5 1.2650542259216309
3.6 1.2736520767211914
3.7 1.2692127227783203
3.8000000000000003 1.261272668838501
3.9000000000000004 1.2539985179901123
4.0 1.2543931007385254
4.1 1.2564260959625244
4.2 1.262587547302246
4.300000000000001 1.2705357074737549
4.4 1.2807092666625977
4.5 1.3112967014312744
4.6000000000000005 1.3385374546051025
4.7 1.36808443069458
4.8 1.392446517944336
4.9 1.411916732788086
5.0 1.4284453392028809
5.1000000000000005 1.4514713287353516
5.2 1.4789533615112305
5.300000000000001 1.5079963207244873
5.4 1.538102626800537
5.5 1.5739874839782715
5.6000000000000005 1.6148042678833008
5.7 1.6584231853485107
5.800000000000001 1.6802847385406494
5.9 1.701690435409546
6.0 1.7277889251708984
