0.5 23.609661102294922
0.6 30.296178817749023
0.7 30.145586013793945
0.8 32.48338317871094
0.9 29.37101936340332
1.0 28.364065170288086
1.1 28.642784118652344
1.2000000000000002 27.71729278564453
1.3 26.096036911010742
1.4 22.894145965576172
1.5 18.051836013793945
1.6 13.299681663513184
1.7000000000000002 9.40770149230957
1.8 6.350913047790527
1.9000000000000001 4.018927574157715
2.0 2.206484794616699
2.1 1.0231103897094727
2.2 0.5598538517951965
2.3 0.45837873220443726
2.4000000000000004 0.4498184323310852
2.5 0.47771352529525757
2.6 0.522625744342804
2.7 0.570468008518219
2.8000000000000003 0.6159215569496155
2.9000000000000004 0.6589285731315613
3.0 0.7024877667427063
3.1 0.7496537566184998
3.2 0.805526077747345
3.3000000000000003 0.8789103627204895
3.4000000000000004 0.9569129347801208
3.5 1.0293583869934082
3.6 1.092360496520996
3.7 1.1471333503723145
3.8000000000000003 1.2002379894256592
3.9000000000000004 1.2431116104125977
4.0 1.2809288501739502
4.1 1.315995454788208
4.2 1.3509728908538818
4.300000000000001 1.3874976634979248
4.4 1.4284589290618896
4.5 1.4411747455596924
4.6000000000000005 1.4457886219024658
4.7 1.4534826278686523
4.8 1.45914626121521
4.9 1.47053861618042
5.0 1.487515926361084
5.1000000000000005 1.5070598125457764
5.2 1.5296947956085205
5.300000000000001 1.5536727905273438
5.4 1.5735998153686523
5.5 1.5845463275909424
5.6000000000000005 1.5988008975982666
5.7 1.6159393787384033
5.800000000000001 1.6353330612182617
5.9 1.6556222438812256
6.0 1.674046277999878
