0.5 11.930196762084961
0.6 9.066301345825195
0.7 6.6190972328186035
0.8 4.669575214385986
0.9 3.2371017932891846
1.0 2.2051045894622803
1.1 1.340167760848999
1.2000000000000002 0.6732321381568909
1.3 0.35950249433517456
1.4 0.26578670740127563
1.5 0.2529352307319641
1.6 0.2822449803352356
1.7000000000000002 0.3592603802680969
1.8 0.4593579173088074
1.9000000000000001 0.5229925513267517
2.0 0.5458921790122986
2.1 0.544501006603241
2.2 0.5444268584251404
2.3 0.5654032826423645
2.4000000000000004 0.6220496296882629
2.5 0.7015865445137024
2.6 0.7670536637306213
2.7 0.8289456963539124
2.8000000000000003 0.8931105732917786
2.9000000000000004 0.9577075839042664
3.0 1.0218915939331055
3.1 1.0680007934570312
3.2 1.102043628692627
3.3000000000000003 1.1088736057281494
3.4000000000000004 1.0775487422943115
3.5 1.0412073135375977
3.6 1.0528342723846436
3.7 1.0475807189941406
3.8000000000000003 1.041989803314209
3.9000000000000004 1.0395877361297607
4.0 1.048464298248291
4.1 1.059741497039795
4.2 1.0707261562347412
4.300000000000001 1.081972360610962
4.4 1.1058404445648193
4.5 1.149078130722046
4.6000000000000005 1.1898646354675293
4.7 1.228330135345459
4.8 1.2520759105682373
4.9 1.272817850112915
5.0 1.29771089553833
5.1000000000000005 1.3286199569702148
5.2 1.3614892959594727
5.300000000000001 1.3975093364715576
5.4 1.4384567737579346
5.5 1.4839720726013184
5.6000000000000005 1.535987138748169
5.7 1.5791518688201904
5.800000000000001 1.5949959754943848
5.9 1.608370065689087
6.0 1.6234242916107178
