0.5 15.411672592163086
0.6 20.957763671875
0.7 19.671419143676758
0.8 20.750289916992188
0.9 18.35666847229004
1.0 17.702159881591797
1.1 17.754207611083984
1.2000000000000002 17.079421997070312
1.3 16.432897567749023
1.4 14.985939979553223
1.5 11.980484008789062
1.6 9.048418045043945
1.7000000000000002 6.827322959899902
1.8 4.818136215209961
1.9000000000000001 3.0897912979125977
2.0 1.8346381187438965
2.1 1.1569504737854004
2.2 0.8926758170127869
2.3 0.7926988005638123
2.4000000000000004 0.7527900338172913
2.5 0.743912398815155
2.6 0.7525246739387512
2.7 0.771205484867096
2.8000000000000003 0.7954041361808777
2.9000000000000004 0.8207096457481384
3.0 0.8517990708351135
3.1 0.8918296694755554
3.2 0.9406111836433411
3.3000000000000003 0.9966468214988708
3.4000000000000004 1.0550456047058105
3.5 1.1053166389465332
3.6 1.1507933139801025
3.7 1.191864252090454
3.8000000000000003 1.2295899391174316
3.9000000000000004 1.2631709575653076
4.0 1.296928882598877
4.1 1.3299732208251953
4.2 1.3652184009552002
4.300000000000001 1.3990905284881592
4.4 1.4106597900390625
4.5 1.421830177307129
4.6000000000000005 1.4360218048095703
4.7 1.454242467880249
4.8 1.4719963073730469
4.9 1.4930341243743896
5.0 1.5172133445739746
5.1000000000000005 1.540088415145874
5.2 1.5510706901550293
5.300000000000001 1.5625832080841064
5.4 1.5747036933898926
5.5 1.5885915756225586
5.6000000000000005 1.6044678688049316
5.7 1.6226882934570312
5.800000000000001 1.642801284790039
5.9 1.6639397144317627
6.0 1.6831679344177246
