0.5 13.520039558410645
0.6 10.511163711547852
0.7 7.835517406463623
0.8 5.600153923034668
0.9 3.89164400100708
1.0 2.708005666732788
1.1 1.7985422611236572
1.2000000000000002 1.0326948165893555
1.3 0.5113466382026672
1.4 0.3107317090034485
1.5 0.2577703595161438
1.6 0.26183122396469116
1.7000000000000002 0.3162131905555725
1.8 0.42119377851486206
1.9000000000000001 0.512578547000885
2.0 0.5538315176963806
2.1 0.5602350831031799
2.2 0.550815999507904
2.3 0.5523400902748108
2.4000000000000004 0.5851473212242126
2.5 0.651276171207428
2.6 0.7283948063850403
2.7 0.7878517508506775
2.8000000000000003 0.8503982424736023
2.9000000000000004 0.9158510565757751
3.0 0.9837161898612976
3.1 1.0433270931243896
3.2 1.0885217189788818
3.3000000000000003 1.1174061298370361
3.4000000000000004 1.1231176853179932
3.5 1.087733507156372
3.6 1.0773670673370361
3.7 1.0729868412017822
3.8000000000000003 1.060316562652588
3.9000000000000004 1.0475919246673584
4.0 1.044743537902832
4.1 1.0472426414489746
4.2 1.0573644638061523
4.300000000000001 1.0698533058166504
4.4 1.0822930335998535
4.5 1.1181550025939941
4.6000000000000005 1.1604194641113281
4.7 1.2019941806793213
4.8 1.2387504577636719
4.9 1.2622699737548828
5.0 1.2840731143951416
5.1000000000000005 1.312307596206665
5.2 1.3445096015930176
5.300000000000001 1.3776025772094727
5.4 1.411881685256958
5.5 1.4519710540771484
5.6000000000000005 1.4949891567230225
5.7 1.5440900325775146
5.800000000000001 1.568455457687378
5.9 1.5804800987243652
6.0 1.5950560569763184
