0.5 11.326931953430176
0.6 8.530064582824707
0.7 6.130998611450195
0.8 4.262131214141846
0.9 2.942002296447754
1.0 1.9857828617095947
1.1 1.1784143447875977
1.2000000000000002 0.5824334025382996
1.3 0.3273339867591858
1.4 0.2569207549095154
1.5 0.2547709345817566
1.6 0.3054969906806946
1.7000000000000002 0.42386895418167114
1.8 0.5514847636222839
1.9000000000000001 0.6230830550193787
2.0 0.6486734747886658
2.1 0.6504564881324768
2.2 0.6558833718299866
2.3 0.6880351901054382
2.4000000000000004 0.753383457660675
2.5 0.8338326811790466
2.6 0.8841875195503235
2.7 0.9321644902229309
2.8000000000000003 0.98359614610672
2.9000000000000004 1.0379204750061035
3.0 1.091066598892212
3.1 1.123671531677246
3.2 1.143883228302002
3.3000000000000003 1.1401894092559814
3.4000000000000004 1.1050329208374023
3.5 1.0752027034759521
3.6 1.0866687297821045
3.7 1.0867393016815186
3.8000000000000003 1.0836207866668701
3.9000000000000004 1.0805761814117432
4.0 1.085099697113037
4.1 1.0941460132598877
4.2 1.1055915355682373
4.300000000000001 1.1168429851531982
4.4 1.1384577751159668
4.5 1.178128957748413
4.6000000000000005 1.2163825035095215
4.7 1.254314661026001
4.8 1.2856593132019043
4.9 1.304877519607544
5.0 1.327045202255249
5.1000000000000005 1.3551459312438965
5.2 1.385011911392212
5.300000000000001 1.4158763885498047
5.4 1.450925588607788
5.5 1.4902987480163574
5.6000000000000005 1.5340397357940674
5.7 1.566878318786621
5.800000000000001 1.578577995300293
5.9 1.5904815196990967
6.0 1.6045005321502686
