0.5 19.099130630493164
0.6 15.697198867797852
0.7 12.695834159851074
0.8 10.145096778869629
0.9 7.966493129730225
1.0 6.072454929351807
1.1 4.40423059463501
1.2000000000000002 3.0310699939727783
1.3 2.045344591140747
1.4 1.3521020412445068
1.5 0.8153788447380066
1.6 0.4855101704597473
1.7000000000000002 0.35919493436813354
1.8 0.3160192370414734
1.9000000000000001 0.3100399374961853
2.0 0.31507164239883423
2.1 0.33437925577163696
2.2 0.36449164152145386
2.3 0.3982256054878235
2.4000000000000004 0.4355272650718689
2.5 0.48112350702285767
2.6 0.5407446026802063
2.7 0.5950947403907776
2.8000000000000003 0.6478157639503479
2.9000000000000004 0.70794278383255
3.0 0.7744976878166199
3.1 0.8450828194618225
3.2 0.9086198210716248
3.3000000000000003 0.9650383591651917
3.4000000000000004 1.0070950984954834
3.5 1.045623779296875
3.6 1.06807541847229
3.7 1.0669732093811035
3.8000000000000003 1.0448837280273438
3.9000000000000004 1.0219063758850098
4.0 1.0339467525482178
4.1 1.0529987812042236
4.2 1.0726299285888672
4.300000000000001 1.0907578468322754
4.4 1.1248955726623535
4.5 1.1624162197113037
4.6000000000000005 1.1975998878479004
4.7 1.2318263053894043
4.8 1.2634899616241455
4.9 1.293358325958252
5.0 1.3242015838623047
5.1000000000000005 1.3573033809661865
5.2 1.3966312408447266
5.300000000000001 1.434952974319458
5.4 1.4594976902008057
5.5 1.4881665706634521
5.6000000000000005 1.520512580871582
5.7 1.5557763576507568
5.800000000000001 1.5884687900543213
5.9 1.5979583263397217
6.0 1.6067237854003906
