0.5 11.048362731933594
0.6 8.39841365814209
0.7 6.188265800476074
0.8 4.459208011627197
0.9 3.194159984588623
1.0 2.178147792816162
1.1 1.3073546886444092
1.2000000000000002 0.6962913870811462
1.3 0.41539424657821655
1.4 0.3003167510032654
1.5 0.2634851336479187
1.6 0.2644492983818054
1.7000000000000002 0.31938880681991577
1.8 0.4285070300102234
1.9000000000000001 0.5222947001457214
2.0 0.5626365542411804
2.1 0.5657445788383484
2.2 0.5492623448371887
2.3 0.5370524525642395
2.4000000000000004 0.537528932094574
2.5 0.5534843802452087
2.6 0.5665317177772522
2.7 0.5778313279151917
2.8000000000000003 0.6025494933128357
2.9000000000000004 0.6396461129188538
3.0 0.6846672892570496
3.1 0.7228264212608337
3.2 0.7582998871803284
3.3000000000000003 0.7931532263755798
3.4000000000000004 0.8278229832649231
3.5 0.8625991940498352
3.6 0.8826634287834167
3.7 0.89329594373703
3.8000000000000003 0.9044091105461121
3.9000000000000004 0.9201590418815613
4.0 0.9376971125602722
4.1 0.9555396437644958
4.2 0.9759778380393982
4.300000000000001 1.001103401184082
4.4 1.0253210067749023
4.5 1.05216646194458
4.6000000000000005 1.0818660259246826
4.7 1.1178536415100098
4.8 1.1560144424438477
4.9 1.186422348022461
5.0 1.216334342956543
5.1000000000000005 1.24623703956604
5.2 1.2770464420318604
5.300000000000001 1.3105876445770264
5.4 1.3478875160217285
5.5 1.3883147239685059
5.6000000000000005 1.4317288398742676
5.7 1.4778118133544922
5.800000000000001 1.4803330898284912
5.9 1.4803330898284912
6.0 1.4803330898284912
