0.5 11.850245475769043
0.6 9.1235990524292
0.7 6.837553024291992
0.8 5.031684398651123
0.9 3.687488555908203
1.0 2.6027543544769287
1.1 1.6567168235778809
1.2000000000000002 0.9829830527305603
1.3 0.6767093539237976
1.4 0.5523349642753601
1.5 0.5119327902793884
1.6 0.5090728402137756
1.7000000000000002 0.5421310067176819
1.8 0.6192725300788879
1.9000000000000001 0.6972199082374573
2.0 0.7359324097633362
2.1 0.7426262497901917
2.2 0.7320728898048401
2.3 0.7300328612327576
2.4000000000000004 0.736111581325531
2.5 0.7576090693473816
2.6 0.7748987078666687
2.7 0.7927924990653992
2.8000000000000003 0.8216753602027893
2.9000000000000004 0.8625782132148743
3.0 0.9115114808082581
3.1 0.9563414454460144
3.2 0.9994373917579651
3.3000000000000003 1.044313669204712
3.4000000000000004 1.092179298400879
3.5 1.1394450664520264
3.6 1.1684048175811768
3.7 1.1858196258544922
3.8000000000000003 1.2048847675323486
3.9000000000000004 1.2189528942108154
4.0 1.236739158630371
4.1 1.253868579864502
4.2 1.2723703384399414
4.300000000000001 1.2959280014038086
4.4 1.319767713546753
4.5 1.3451430797576904
4.6000000000000005 1.3723411560058594
4.7 1.4056694507598877
4.8 1.4367733001708984
4.9 1.4566328525543213
5.0 1.4798786640167236
5.1000000000000005 1.5091850757598877
5.2 1.539576530456543
5.300000000000001 1.5724706649780273
5.4 1.6087615489959717
5.5 1.6480748653411865
5.6000000000000005 1.690124273300171
5.7 1.7353694438934326
5.800000000000001 1.7393066883087158
5.9 1.7393066883087158
6.0 1.7393066883087158
