0.5 11.95591926574707
0.6 9.21570873260498
0.7 6.940248012542725
0.8 5.173768043518066
0.9 3.8874988555908203
1.0 2.855264902114868
1.1 1.874039649963379
1.2000000000000002 1.1077728271484375
1.3 0.6730737090110779
1.4 0.5086380839347839
1.5 0.4476659893989563
1.6 0.43316394090652466
1.7000000000000002 0.4428090453147888
1.8 0.4733613133430481
1.9000000000000001 0.5111115574836731
2.0 0.5363543629646301
2.1 0.5433172583580017
2.2 0.5398402810096741
2.3 0.5399200320243835
2.4000000000000004 0.5497023463249207
2.5 0.5742258429527283
2.6 0.6074560284614563
2.7 0.6496029496192932
2.8000000000000003 0.7016820311546326
2.9000000000000004 0.7616906762123108
3.0 0.8265236020088196
3.1 0.8893019556999207
3.2 0.9538059830665588
3.3000000000000003 1.0170421600341797
3.4000000000000004 1.0853948593139648
3.5 1.1367499828338623
3.6 1.1494624614715576
3.7 1.1553099155426025
3.8000000000000003 1.1637516021728516
3.9000000000000004 1.1715381145477295
4.0 1.1821370124816895
4.1 1.1899583339691162
4.2 1.1964387893676758
4.300000000000001 1.2057483196258545
4.4 1.2135734558105469
4.5 1.2201504707336426
4.6000000000000005 1.2274067401885986
4.7 1.2375328540802002
4.8 1.2482695579528809
4.9 1.2560675144195557
5.0 1.268230676651001
5.1000000000000005 1.2876405715942383
5.2 1.311889886856079
5.300000000000001 1.3409674167633057
5.4 1.3759803771972656
5.5 1.4183871746063232
5.6000000000000005 1.4655935764312744
5.7 1.516333818435669
5.800000000000001 1.538785696029663
5.9 1.5588634014129639
6.0 1.58256196975708
