0.5 10.045408248901367
0.6 7.554367542266846
0.7 5.536822319030762
0.8 4.004270553588867
0.9 2.8861162662506104
1.0 1.9261159896850586
1.1 1.1126587390899658
1.2000000000000002 0.5867641568183899
1.3 0.3501719832420349
1.4 0.25723797082901
1.5 0.2263251543045044
1.6 0.23021334409713745
1.7000000000000002 0.2738950848579407
1.8 0.34538549184799194
1.9000000000000001 0.4045866131782532
2.0 0.4325687289237976
2.1 0.4349289536476135
2.2 0.4339258074760437
2.3 0.4375842213630676
2.4000000000000004 0.4573511481285095
2.5 0.4868554472923279
2.6 0.5128292441368103
2.7 0.5498678088188171
2.8000000000000003 0.5955730080604553
2.9000000000000004 0.6466360688209534
3.0 0.6996225714683533
3.1 0.7486372590065002
3.2 0.7966586947441101
3.3000000000000003 0.8446492552757263
3.4000000000000004 0.8931602835655212
3.5 0.9163917899131775
3.6 0.9236541390419006
3.7 0.9277958273887634
3.8000000000000003 0.9337696433067322
3.9000000000000004 0.942911684513092
4.0 0.9538367390632629
4.1 0.9647939801216125
4.2 0.9769566655158997
4.300000000000001 0.9917866587638855
4.4 1.0081818103790283
4.5 1.0280139446258545
4.6000000000000005 1.05192232131958
4.7 1.074228286743164
4.8 1.0881803035736084
4.9 1.1052110195159912
5.0 1.1275367736816406
5.1000000000000005 1.154273271560669
5.2 1.1843781471252441
5.300000000000001 1.219238519668579
5.4 1.258573055267334
5.5 1.3031561374664307
5.6000000000000005 1.3538753986358643
5.7 1.3896172046661377
5.800000000000001 1.4048213958740234
5.9 1.417877435684204
6.0 1.4324595928192139
