0.5 10.77856731414795
0.6 8.179754257202148
0.7 6.061017990112305
0.8 4.448960781097412
0.9 3.2724523544311523
1.0 2.279608964920044
1.1 1.4147534370422363
1.2000000000000002 0.8304103016853333
1.3 0.5614182353019714
1.4 0.4613421559333801
1.5 0.42949146032333374
1.6 0.4291371703147888
1.7000000000000002 0.46199923753738403
1.8 0.5285624861717224
1.9000000000000001 0.5904683470726013
2.0 0.6226380467414856
2.1 0.6286161541938782
2.2 0.6265496611595154
2.3 0.6282578110694885
2.4000000000000004 0.6429392695426941
2.5 0.6680052876472473
2.6 0.6894970536231995
2.7 0.7197055220603943
2.8000000000000003 0.7596023678779602
2.9000000000000004 0.8063086867332458
3.0 0.8552904725074768
3.1 0.9005760550498962
3.2 0.9482077956199646
3.3000000000000003 0.996236264705658
3.4000000000000004 1.0492916107177734
3.5 1.0904896259307861
3.6 1.1045112609863281
3.7 1.1117825508117676
3.8000000000000003 1.1211516857147217
3.9000000000000004 1.1322250366210938
4.0 1.1460707187652588
4.1 1.1580440998077393
4.2 1.1724884510040283
4.300000000000001 1.1904919147491455
4.4 1.206437587738037
4.5 1.2250406742095947
4.6000000000000005 1.247199296951294
4.7 1.2736854553222656
4.8 1.2904751300811768
4.9 1.3072307109832764
5.0 1.3283710479736328
5.1000000000000005 1.3551650047302246
5.2 1.383939266204834
5.300000000000001 1.415665626525879
5.4 1.4525890350341797
5.5 1.4939062595367432
5.6000000000000005 1.5385143756866455
5.7 1.5760223865509033
5.800000000000001 1.5896408557891846
5.9 1.6023595333099365
6.0 1.6168949604034424
