0.5 11.487105369567871
0.6 8.75553035736084
0.7 6.491501331329346
0.8 4.732516765594482
0.9 3.4429049491882324
1.0 2.3871798515319824
1.1 1.496065616607666
1.2000000000000002 0.904110848903656
1.3 0.6405611634254456
1.4 0.5373112559318542
1.5 0.507965624332428
1.6 0.5102617144584656
1.7000000000000002 0.5481941103935242
1.8 0.6273776888847351
1.9000000000000001 0.7007600665092468
2.0 0.7325246930122375
2.1 0.7323500514030457
2.2 0.718052089214325
2.3 0.7132075428962708
2.4000000000000004 0.718023955821991
2.5 0.7368744015693665
2.6 0.7547646164894104
2.7 0.7731615900993347
2.8000000000000003 0.8017296195030212
2.9000000000000004 0.8407110571861267
3.0 0.8860754370689392
3.1 0.9278506636619568
3.2 0.9703013300895691
3.3000000000000003 1.0143988132476807
3.4000000000000004 1.064227819442749
3.5 1.112562894821167
3.6 1.1433768272399902
3.7 1.1615862846374512
3.8000000000000003 1.1741645336151123
3.9000000000000004 1.1901404857635498
4.0 1.2110264301300049
4.1 1.2302296161651611
4.2 1.2525992393493652
4.300000000000001 1.2795443534851074
4.4 1.3061516284942627
4.5 1.3343825340270996
4.6000000000000005 1.3641080856323242
4.7 1.3995895385742188
4.8 1.4298202991485596
4.9 1.4503750801086426
5.0 1.4750056266784668
5.1000000000000005 1.5060076713562012
5.2 1.5374951362609863
5.300000000000001 1.571444034576416
5.4 1.6089763641357422
5.5 1.649498701095581
5.6000000000000005 1.6927752494812012
5.7 1.7376453876495361
5.800000000000001 1.7393066883087158
5.9 1.7393066883087158
6.0 1.7393066883087158
