0.5 12.152487754821777
0.6 9.285260200500488
0.7 6.831048488616943
0.8 4.873133659362793
0.9 3.4360480308532715
1.0 2.3996260166168213
1.1 1.5205259323120117
1.2000000000000002 0.8585075736045837
1.3 0.558644711971283
1.4 0.4726877808570862
1.5 0.4616844058036804
1.6 0.49013036489486694
1.7000000000000002 0.5684872269630432
1.8 0.6721510291099548
1.9000000000000001 0.7399021983146667
2.0 0.7674004435539246
2.1 0.7696704268455505
2.2 0.7724716067314148
2.3 0.7965936064720154
2.4000000000000004 0.8542008996009827
2.5 0.9342833161354065
2.6 0.996575653553009
2.7 1.0565931797027588
2.8000000000000003 1.121800184249878
2.9000000000000004 1.1881442070007324
3.0 1.2552847862243652
3.1 1.3055925369262695
3.2 1.3440840244293213
3.3000000000000003 1.3600106239318848
3.4000000000000004 1.3442857265472412
3.5 1.3176684379577637
3.6 1.3258037567138672
3.7 1.3186676502227783
3.8000000000000003 1.3085522651672363
3.9000000000000004 1.3017573356628418
4.0 1.3054301738739014
4.1 1.312375545501709
4.2 1.3230242729187012
4.300000000000001 1.3351757526397705
4.4 1.3570127487182617
4.5 1.3978934288024902
4.6000000000000005 1.4362192153930664
4.7 1.4734759330749512
4.8 1.497302532196045
4.9 1.517472743988037
5.0 1.5400993824005127
5.1000000000000005 1.5691962242126465
5.2 1.5994153022766113
5.300000000000001 1.6301724910736084
5.4 1.6654367446899414
5.5 1.704132318496704
5.6000000000000005 1.7474761009216309
5.7 1.78303861618042
5.800000000000001 1.7966761589050293
5.9 1.8101186752319336
6.0 1.825690507888794
