0.5 11.002969741821289
0.6 8.299871444702148
0.7 6.074847221374512
0.8 4.351847171783447
0.9 3.094919443130493
1.0 2.0734972953796387
1.1 1.2174780368804932
1.2000000000000002 0.6507977843284607
1.3 0.39653724431991577
1.4 0.2936508059501648
1.5 0.2621857523918152
1.6 0.2631555199623108
1.7000000000000002 0.30630165338516235
1.8 0.3949959874153137
1.9000000000000001 0.472159206867218
2.0 0.5036985278129578
2.1 0.5016575455665588
2.2 0.48461753129959106
2.3 0.4757668375968933
2.4000000000000004 0.47876375913619995
2.5 0.49600619077682495
2.6 0.5128218531608582
2.7 0.5294312834739685
2.8000000000000003 0.5570818781852722
2.9000000000000004 0.5959010720252991
3.0 0.6409688591957092
3.1 0.681452214717865
3.2 0.7220931649208069
3.3000000000000003 0.7633386254310608
3.4000000000000004 0.8098995089530945
3.5 0.8540402054786682
3.6 0.8835005164146423
3.7 0.9007940888404846
3.8000000000000003 0.9132506251335144
3.9000000000000004 0.9287849068641663
4.0 0.949364960193634
4.1 0.9679831862449646
4.2 0.9899926781654358
4.300000000000001 1.0163345336914062
4.4 1.042100429534912
4.5 1.0706603527069092
4.6000000000000005 1.1010193824768066
4.7 1.1370747089385986
4.8 1.1670520305633545
4.9 1.1876699924468994
5.0 1.2123963832855225
5.1000000000000005 1.2436227798461914
5.2 1.2754356861114502
5.300000000000001 1.3098247051239014
5.4 1.3479773998260498
5.5 1.3892145156860352
5.6000000000000005 1.433382511138916
5.7 1.4788691997528076
5.800000000000001 1.4803330898284912
5.9 1.4803330898284912
6.0 1.4803330898284912
