0.5 11.673530578613281
0.6 8.981635093688965
0.7 6.707699298858643
0.8 4.918294906616211
0.9 3.6013617515563965
1.0 2.5441110134124756
1.1 1.6299989223480225
1.2000000000000002 0.9754382967948914
1.3 0.6695877909660339
1.4 0.5478286147117615
1.5 0.5104792714118958
1.6 0.5105075240135193
1.7000000000000002 0.555298388004303
1.8 0.6523929238319397
1.9000000000000001 0.744744598865509
2.0 0.7874184250831604
2.1 0.7936645150184631
2.2 0.779268205165863
2.3 0.7704047560691833
2.4000000000000004 0.7714641690254211
2.5 0.7891053557395935
2.6 0.8042376637458801
2.7 0.8174415230751038
2.8000000000000003 0.8429675698280334
2.9000000000000004 0.8804022669792175
3.0 0.9258629679679871
3.1 0.9663137793540955
3.2 1.0038058757781982
3.3000000000000003 1.042313814163208
3.4000000000000004 1.0802702903747559
3.5 1.1191301345825195
3.6 1.1425702571868896
3.7 1.1536924839019775
3.8000000000000003 1.1644976139068604
3.9000000000000004 1.1808161735534668
4.0 1.198277235031128
4.1 1.217003345489502
4.2 1.2373218536376953
4.300000000000001 1.2629241943359375
4.4 1.288226842880249
4.5 1.3146007061004639
4.6000000000000005 1.343639850616455
4.7 1.379209041595459
4.8 1.4174158573150635
4.9 1.4478533267974854
5.0 1.4781231880187988
5.1000000000000005 1.5073611736297607
5.2 1.5378081798553467
5.300000000000001 1.5707964897155762
5.4 1.6072044372558594
5.5 1.6467068195343018
5.6000000000000005 1.6890029907226562
5.7 1.7346949577331543
5.800000000000001 1.7393066883087158
5.9 1.7393066883087158
6.0 1.7393066883087158
