0.5 10.325882911682129
0.6 7.755183696746826
0.7 5.6719770431518555
0.8 4.093904495239258
0.9 2.9496209621429443
1.0 1.9919800758361816
1.1 1.160252332687378
1.2000000000000002 0.5943310856819153
1.3 0.32834547758102417
1.4 0.22596615552902222
1.5 0.1910344958305359
1.6 0.189564049243927
1.7000000000000002 0.22718453407287598
1.8 0.3020194172859192
1.9000000000000001 0.36869102716445923
2.0 0.4020342230796814
2.1 0.40663784742355347
2.2 0.40183788537979126
2.3 0.40131324529647827
2.4000000000000004 0.4148673415184021
2.5 0.4393262267112732
2.6 0.4596787095069885
2.7 0.48882466554641724
2.8000000000000003 0.5285256505012512
2.9000000000000004 0.5752566456794739
3.0 0.6240634322166443
3.1 0.6685988306999207
3.2 0.7148609757423401
3.3000000000000003 0.7610558867454529
3.4000000000000004 0.811371386051178
3.5 0.8496217131614685
3.6 0.8634275794029236
3.7 0.8704472184181213
3.8000000000000003 0.8793259263038635
3.9000000000000004 0.8898949027061462
4.0 0.9030107855796814
4.1 0.9144023060798645
4.2 0.928191602230072
4.300000000000001 0.9453957676887512
4.4 0.9608935713768005
4.5 0.9799858927726746
4.6000000000000005 1.0027716159820557
4.7 1.029590368270874
4.8 1.0463025569915771
4.9 1.0632216930389404
5.0 1.0845868587493896
5.1000000000000005 1.1116623878479004
5.2 1.1408464908599854
5.300000000000001 1.1731021404266357
5.4 1.2107291221618652
5.5 1.2526640892028809
5.6000000000000005 1.2981457710266113
5.7 1.3357646465301514
5.800000000000001 1.3491911888122559
5.9 1.3616821765899658
6.0 1.3759357929229736
