0.5 13.802779197692871
0.6 10.821131706237793
0.7 8.304154396057129
0.8 6.285610198974609
0.9 4.71207857131958
1.0 3.476257801055908
1.1 2.313927173614502
1.2000000000000002 1.3622288703918457
1.3 0.8047131896018982
1.4 0.5786588788032532
1.5 0.49159902334213257
1.6 0.46712833642959595
1.7000000000000002 0.470716655254364
1.8 0.49429625272750854
1.9000000000000001 0.5293206572532654
2.0 0.5574622750282288
2.1 0.5667288899421692
2.2 0.5620167851448059
2.3 0.5646846890449524
2.4000000000000004 0.573260486125946
2.5 0.6010519862174988
2.6 0.6363522410392761
2.7 0.6800584197044373
2.8000000000000003 0.7324548363685608
2.9000000000000004 0.7924914956092834
3.0 0.8546897768974304
3.1 0.9147984385490417
3.2 0.9709864258766174
3.3000000000000003 1.0275037288665771
3.4000000000000004 1.085843563079834
3.5 1.1404521465301514
3.6 1.160017728805542
3.7 1.166365623474121
3.8000000000000003 1.1706910133361816
3.9000000000000004 1.1760993003845215
4.0 1.1850581169128418
4.1 1.1919214725494385
4.2 1.1985349655151367
4.300000000000001 1.2065849304199219
4.4 1.2138652801513672
4.5 1.220266342163086
4.6000000000000005 1.2314648628234863
4.7 1.2482943534851074
4.8 1.2688264846801758
4.9 1.2754020690917969
5.0 1.2855916023254395
5.1000000000000005 1.3038268089294434
5.2 1.325838327407837
5.300000000000001 1.352010726928711
5.4 1.383589506149292
5.5 1.4223859310150146
5.6000000000000005 1.4653773307800293
5.7 1.5145201683044434
5.800000000000001 1.5393247604370117
5.9 1.559239149093628
6.0 1.5827295780181885
