0.5 11.893261909484863
0.6 9.003039360046387
0.7 6.53321647644043
0.8 4.582516670227051
0.9 3.165001153945923
1.0 2.1622910499572754
1.1 1.3139588832855225
1.2000000000000002 0.6496886610984802
1.3 0.32925599813461304
1.4 0.2334831953048706
1.5 0.21872419118881226
1.6 0.24333208799362183
1.7000000000000002 0.3188464045524597
1.8 0.4261574149131775
1.9000000000000001 0.4968048930168152
2.0 0.5215632319450378
2.1 0.5203176140785217
2.2 0.5168253779411316
2.3 0.5303059220314026
2.4000000000000004 0.5780714154243469
2.5 0.6491308808326721
2.6 0.7090393900871277
2.7 0.763592541217804
2.8000000000000003 0.824074923992157
2.9000000000000004 0.8866586089134216
3.0 0.9511551260948181
3.1 0.9995923638343811
3.2 1.0372538566589355
3.3000000000000003 1.0528080463409424
3.4000000000000004 1.040661334991455
3.5 1.006439447402954
3.6 1.0206828117370605
3.7 1.0193336009979248
3.8000000000000003 1.0166492462158203
3.9000000000000004 1.0155675411224365
4.0 1.0228908061981201
4.1 1.030979871749878
4.2 1.0430548191070557
4.300000000000001 1.0565707683563232
4.4 1.0760126113891602
4.5 1.1177616119384766
4.6000000000000005 1.157423734664917
4.7 1.1954951286315918
4.8 1.2247931957244873
4.9 1.2459044456481934
5.0 1.269542932510376
5.1000000000000005 1.3001072406768799
5.2 1.3323822021484375
5.300000000000001 1.3659374713897705
5.4 1.4025983810424805
5.5 1.4448740482330322
5.6000000000000005 1.4903035163879395
5.7 1.530719518661499
5.800000000000001 1.5433592796325684
5.9 1.555234670639038
6.0 1.5694670677185059
