0.5 11.192395210266113
0.6 11.295676231384277
0.7 11.285603523254395
0.8 11.172648429870605
0.9 10.955118179321289
1.0 10.626729965209961
1.1 10.155172348022461
1.2000000000000002 9.555402755737305
1.3 8.828432083129883
1.4 8.012371063232422
1.5 7.125092029571533
1.6 6.195446968078613
1.7000000000000002 5.278902530670166
1.8 4.402709007263184
1.9000000000000001 3.6135663986206055
2.0 2.8935368061065674
2.1 2.228929042816162
2.2 1.6334540843963623
2.3 1.142331600189209
2.4000000000000004 0.7692674994468689
2.5 0.5349339842796326
2.6 0.4064013361930847
2.7 0.34050828218460083
2.8000000000000003 0.312799870967865
2.9000000000000004 0.3062341809272766
3.0 0.3124999403953552
3.1 0.3257609009742737
3.2 0.34494155645370483
3.3000000000000003 0.37054890394210815
3.4000000000000004 0.40525537729263306
3.5 0.4431970715522766
3.6 0.483245313167572
3.7 0.5226829648017883
3.8000000000000003 0.5719719529151917
3.9000000000000004 0.6329982876777649
4.0 0.7004104256629944
4.1 0.7677012085914612
4.2 0.8265298008918762
4.300000000000001 0.8770943284034729
4.4 0.9244950413703918
4.5 0.9669972062110901
4.6000000000000005 1.0088016986846924
4.7 1.0493743419647217
4.8 1.0755348205566406
4.9 1.0970828533172607
5.0 1.116248369216919
5.1000000000000005 1.137486457824707
5.2 1.1617095470428467
5.300000000000001 1.1851625442504883
5.4 1.2125189304351807
5.5 1.2460017204284668
5.6000000000000005 1.2843971252441406
5.7 1.3257899284362793
5.800000000000001 1.3479499816894531
5.9 1.3529105186462402
6.0 1.359133243560791
