0.5 11.517003059387207
0.6 11.383271217346191
0.7 11.168052673339844
0.8 10.874955177307129
0.9 10.515580177307129
1.0 10.0469970703125
1.1 9.467000007629395
1.2000000000000002 8.84584903717041
1.3 8.207021713256836
1.4 7.514144420623779
1.5 6.740067958831787
1.6 5.920655250549316
1.7000000000000002 5.10360050201416
1.8 4.337325096130371
1.9000000000000001 3.6325182914733887
2.0 2.9896185398101807
2.1 2.3971199989318848
2.2 1.8711457252502441
2.3 1.4230895042419434
2.4000000000000004 1.074932336807251
2.5 0.8518701195716858
2.6 0.735760509967804
2.7 0.680365264415741
2.8000000000000003 0.6610555052757263
2.9000000000000004 0.6591739058494568
3.0 0.6643547415733337
3.1 0.6738869547843933
3.2 0.7032114863395691
3.3000000000000003 0.74759441614151
3.4000000000000004 0.7911204695701599
3.5 0.8320829272270203
3.6 0.850658118724823
3.7 0.8560395836830139
3.8000000000000003 0.858009397983551
3.9000000000000004 0.8474839329719543
4.0 0.8391079306602478
4.1 0.8407270312309265
4.2 0.9011914134025574
4.300000000000001 0.9703812003135681
4.4 1.0350086688995361
4.5 1.095839500427246
4.6000000000000005 1.1493382453918457
4.7 1.1989388465881348
4.8 1.2382402420043945
4.9 1.2679839134216309
5.0 1.295358419418335
5.1000000000000005 1.3253276348114014
5.2 1.3529186248779297
5.300000000000001 1.3801453113555908
5.4 1.4087462425231934
5.5 1.4423818588256836
5.6000000000000005 1.4804003238677979
5.7 1.5105524063110352
5.800000000000001 1.5136053562164307
5.9 1.5199508666992188
6.0 1.5274689197540283
