0.5 19.0869197845459
0.6 15.479867935180664
0.7 12.32026195526123
0.8 9.62450885772705
0.9 7.372349262237549
1.0 5.518828392028809
1.1 3.932223320007324
1.2000000000000002 2.6412017345428467
1.3 1.729276180267334
1.4 1.1124107837677002
1.5 0.6450652480125427
1.6 0.42971283197402954
1.7000000000000002 0.3677247166633606
1.8 0.36645811796188354
1.9000000000000001 0.3965436816215515
2.0 0.43847090005874634
2.1 0.49353665113449097
2.2 0.5512108206748962
2.3 0.6061586737632751
2.4000000000000004 0.6646577715873718
2.5 0.7293469309806824
2.6 0.8011400103569031
2.7 0.8609698414802551
2.8000000000000003 0.905549943447113
2.9000000000000004 0.9526525139808655
3.0 1.0059261322021484
3.1 1.0542893409729004
3.2 1.0883188247680664
3.3000000000000003 1.1054153442382812
3.4000000000000004 1.111586332321167
3.5 1.1169745922088623
3.6 1.113379955291748
3.7 1.0989570617675781
3.8000000000000003 1.0661165714263916
3.9000000000000004 1.0269813537597656
4.0 1.0355467796325684
4.1 1.0551190376281738
4.2 1.0792181491851807
4.300000000000001 1.1058540344238281
4.4 1.1335740089416504
4.5 1.1704282760620117
4.6000000000000005 1.2096056938171387
4.7 1.2490570545196533
4.8 1.2873363494873047
4.9 1.3270585536956787
5.0 1.364774465560913
5.1000000000000005 1.4062678813934326
5.2 1.4561011791229248
5.300000000000001 1.507375955581665
5.4 1.5442862510681152
5.5 1.5749170780181885
5.6000000000000005 1.6065630912780762
5.7 1.6394388675689697
5.800000000000001 1.6658227443695068
5.9 1.6658227443695068
6.0 1.6658227443695068
