0.5 11.28519058227539
0.6 8.551898956298828
0.7 6.274675369262695
0.8 4.500752925872803
0.9 3.206202507019043
1.0 2.1694157123565674
1.1 1.291888952255249
1.2000000000000002 0.6922827363014221
1.3 0.412902295589447
1.4 0.29968148469924927
1.5 0.2635875344276428
1.6 0.26145774126052856
1.7000000000000002 0.29973918199539185
1.8 0.38556522130966187
1.9000000000000001 0.46653467416763306
2.0 0.5024703145027161
2.1 0.5033678412437439
2.2 0.48627644777297974
2.3 0.47644954919815063
2.4000000000000004 0.4773603081703186
2.5 0.49431413412094116
2.6 0.512043297290802
2.7 0.5275169014930725
2.8000000000000003 0.5537402033805847
2.9000000000000004 0.5915865302085876
3.0 0.636348307132721
3.1 0.6776753067970276
3.2 0.7175574898719788
3.3000000000000003 0.7594240307807922
3.4000000000000004 0.8054267764091492
3.5 0.8495084643363953
3.6 0.8811125159263611
3.7 0.8999292254447937
3.8000000000000003 0.9114907383918762
3.9000000000000004 0.9272187352180481
4.0 0.9472087025642395
4.1 0.9662707448005676
4.2 0.9874487519264221
4.300000000000001 1.0133752822875977
4.4 1.0394139289855957
4.5 1.0674409866333008
4.6000000000000005 1.0974493026733398
4.7 1.133249044418335
4.8 1.164576768875122
4.9 1.185563564300537
5.0 1.2098379135131836
5.1000000000000005 1.240307092666626
5.2 1.27207612991333
5.300000000000001 1.3063421249389648
5.4 1.344045639038086
5.5 1.3849906921386719
5.6000000000000005 1.4288125038146973
5.7 1.4758784770965576
5.800000000000001 1.4803330898284912
5.9 1.4803330898284912
6.0 1.4803330898284912
