0.5 12.395744323730469
0.6 9.439295768737793
0.7 6.880119800567627
0.8 4.788719654083252
0.9 3.2605385780334473
1.0 2.1898610591888428
1.1 1.3321683406829834
1.2000000000000002 0.682535707950592
1.3 0.37566202878952026
1.4 0.27938777208328247
1.5 0.2658986449241638
1.6 0.2958776354789734
1.7000000000000002 0.3924104571342468
1.8 0.5224608778953552
1.9000000000000001 0.6071965098381042
2.0 0.632836639881134
2.1 0.6330963969230652
2.2 0.6263303160667419
2.3 0.6344340443611145
2.4000000000000004 0.6733763813972473
2.5 0.7388573288917542
2.6 0.8012544512748718
2.7 0.8449508547782898
2.8000000000000003 0.8932110667228699
2.9000000000000004 0.9502529501914978
3.0 1.015364646911621
3.1 1.0650634765625
3.2 1.1046299934387207
3.3000000000000003 1.1277313232421875
3.4000000000000004 1.1215782165527344
3.5 1.0702152252197266
3.6 1.0768609046936035
3.7 1.077876091003418
3.8000000000000003 1.0749924182891846
3.9000000000000004 1.06727933883667
4.0 1.0737724304199219
4.1 1.08378267288208
4.2 1.1027123928070068
4.300000000000001 1.1219501495361328
4.4 1.1402697563171387
4.5 1.1884956359863281
4.6000000000000005 1.2346746921539307
4.7 1.2831346988677979
4.8 1.3230443000793457
4.9 1.3503308296203613
5.0 1.379162073135376
5.1000000000000005 1.4160113334655762
5.2 1.452666997909546
5.300000000000001 1.492060661315918
5.4 1.5334827899932861
5.5 1.578190803527832
5.6000000000000005 1.6263048648834229
5.7 1.6768872737884521
5.800000000000001 1.678844690322876
5.9 1.678844690322876
6.0 1.678844690322876
