0.5 11.735095977783203
0.6 8.88347339630127
0.7 6.450529098510742
0.8 4.520707607269287
0.9 3.1148972511291504
1.0 2.113084316253662
1.1 1.2695796489715576
1.2000000000000002 0.6261910796165466
1.3 0.3265255093574524
1.4 0.23764091730117798
1.5 0.22478443384170532
1.6 0.2550714612007141
1.7000000000000002 0.34151309728622437
1.8 0.4506087899208069
1.9000000000000001 0.518551766872406
2.0 0.5442908406257629
2.1 0.5443435311317444
2.2 0.5457654595375061
2.3 0.5709006190299988
2.4000000000000004 0.6321033835411072
2.5 0.7155424952507019
2.6 0.7791488766670227
2.7 0.8372439742088318
2.8000000000000003 0.9008201956748962
2.9000000000000004 0.9652822613716125
3.0 1.030285120010376
3.1 1.0772905349731445
3.2 1.11110520362854
3.3000000000000003 1.1209475994110107
3.4000000000000004 1.0982515811920166
3.5 1.0658292770385742
3.6 1.0742430686950684
3.7 1.0667767524719238
3.8000000000000003 1.0561699867248535
3.9000000000000004 1.048645257949829
4.0 1.0519824028015137
4.1 1.0583291053771973
4.2 1.0685174465179443
4.300000000000001 1.0801763534545898
4.4 1.1012940406799316
4.5 1.1433990001678467
4.6000000000000005 1.182893991470337
4.7 1.2210543155670166
4.8 1.2453279495239258
4.9 1.2654330730438232
5.0 1.2879650592803955
5.1000000000000005 1.3174176216125488
5.2 1.3480350971221924
5.300000000000001 1.37933349609375
5.4 1.4151806831359863
5.5 1.4546773433685303
5.6000000000000005 1.498732566833496
5.7 1.5352632999420166
5.800000000000001 1.5485889911651611
5.9 1.5616719722747803
6.0 1.5768423080444336
