0.5 10.088410377502441
0.6 8.975654602050781
0.7 7.756106853485107
0.8 6.39119815826416
0.9 4.971749782562256
1.0 3.793956756591797
1.1 2.8916752338409424
1.2000000000000002 2.077390670776367
1.3 1.3100907802581787
1.4 0.8071007132530212
1.5 0.5855589509010315
1.6 0.5054354071617126
1.7000000000000002 0.4703368544578552
1.8 0.4387199282646179
1.9000000000000001 0.40771669149398804
2.0 0.39164406061172485
2.1 0.3893495202064514
2.2 0.40566474199295044
2.3 0.4482066035270691
2.4000000000000004 0.49612873792648315
2.5 0.5519564747810364
2.6 0.5991424918174744
2.7 0.6226674914360046
2.8000000000000003 0.6347563862800598
2.9000000000000004 0.6498039364814758
3.0 0.6619848608970642
3.1 0.6780096888542175
3.2 0.69631427526474
3.3000000000000003 0.7006176114082336
3.4000000000000004 0.7164440751075745
3.5 0.7354965806007385
3.6 0.7473049759864807
3.7 0.743492066860199
3.8000000000000003 0.7405709624290466
3.9000000000000004 0.7340971827507019
4.0 0.7374623417854309
4.1 0.7441307902336121
4.2 0.7688639760017395
4.300000000000001 0.8000069260597229
4.4 0.8322182297706604
4.5 0.8645409941673279
4.6000000000000005 0.8920620083808899
4.7 0.9224804043769836
4.8 0.9450305104255676
4.9 0.9605458378791809
5.0 0.9775587916374207
5.1000000000000005 0.9995121359825134
5.2 1.0252764225006104
5.300000000000001 1.0546684265136719
5.4 1.0864994525909424
5.5 1.1228322982788086
5.6000000000000005 1.1632683277130127
5.7 1.2073326110839844
5.800000000000001 1.210106372833252
5.9 1.210106372833252
6.0 1.210106372833252
