0.5 12.287662506103516
0.6 9.424213409423828
0.7 6.945276737213135
0.8 4.969162464141846
0.9 3.5243005752563477
1.0 2.4922449588775635
1.1 1.6173381805419922
1.2000000000000002 0.9356676936149597
1.3 0.6082118153572083
1.4 0.5093072056770325
1.5 0.49505287408828735
1.6 0.5230482220649719
1.7000000000000002 0.5993790030479431
1.8 0.7009559273719788
1.9000000000000001 0.7658469080924988
2.0 0.7874993681907654
2.1 0.7837576270103455
2.2 0.7806587815284729
2.3 0.7958545088768005
2.4000000000000004 0.8455377221107483
2.5 0.918729841709137
2.6 0.9816129803657532
2.7 1.0416545867919922
2.8000000000000003 1.107173204421997
2.9000000000000004 1.174128532409668
3.0 1.2425830364227295
3.1 1.2957212924957275
3.2 1.3378558158874512
3.3000000000000003 1.358520269393921
3.4000000000000004 1.3510940074920654
3.5 1.3231167793273926
3.6 1.327275276184082
3.7 1.3157768249511719
3.8000000000000003 1.3041918277740479
3.9000000000000004 1.295339822769165
4.0 1.2989764213562012
4.1 1.3059015274047852
4.2 1.3180110454559326
4.300000000000001 1.3324224948883057
4.4 1.354491949081421
4.5 1.3975727558135986
4.6000000000000005 1.4389231204986572
4.7 1.4790174961090088
4.8 1.507399082183838
4.9 1.5287835597991943
5.0 1.5528879165649414
5.1000000000000005 1.584571361541748
5.2 1.6171112060546875
5.300000000000001 1.6500020027160645
5.4 1.6866674423217773
5.5 1.7278931140899658
5.6000000000000005 1.7725331783294678
5.7 1.8121073246002197
5.800000000000001 1.8264868259429932
5.9 1.840552806854248
6.0 1.8566985130310059
