0.5 9.588361740112305
0.6 7.173816680908203
0.7 5.244391918182373
0.8 3.812934398651123
0.9 2.7415523529052734
1.0 1.7964913845062256
1.1 1.0240716934204102
1.2000000000000002 0.5398063063621521
1.3 0.3295988440513611
1.4 0.24783307313919067
1.5 0.22203999757766724
1.6 0.23376929759979248
1.7000000000000002 0.29374998807907104
1.8 0.3788498044013977
1.9000000000000001 0.44077080488204956
2.0 0.4661133885383606
2.1 0.46729904413223267
2.2 0.46294158697128296
2.3 0.46567028760910034
2.4000000000000004 0.48331111669540405
2.5 0.5092267394065857
2.6 0.53244549036026
2.7 0.5676016211509705
2.8000000000000003 0.6100072264671326
2.9000000000000004 0.6576917767524719
3.0 0.7049751877784729
3.1 0.7475122809410095
3.2 0.7898754477500916
3.3000000000000003 0.8312137722969055
3.4000000000000004 0.872481644153595
3.5 0.8906967043876648
3.6 0.899046003818512
3.7 0.9054878354072571
3.8000000000000003 0.9158700108528137
3.9000000000000004 0.9289172291755676
4.0 0.9417662024497986
4.1 0.9554027915000916
4.2 0.9702312350273132
4.300000000000001 0.9854016900062561
4.4 1.003617286682129
4.5 1.0246644020080566
4.6000000000000005 1.0506362915039062
4.7 1.0786759853363037
4.8 1.0940465927124023
4.9 1.110384464263916
5.0 1.1327719688415527
5.1000000000000005 1.1589066982269287
5.2 1.1885957717895508
5.300000000000001 1.2230403423309326
5.4 1.262214183807373
5.5 1.3061387538909912
5.6000000000000005 1.3551547527313232
5.7 1.3858206272125244
5.800000000000001 1.3999576568603516
5.9 1.4128036499023438
6.0 1.426975965499878
