0.5 34.047000885009766
0.6 30.4708251953125
0.7 26.3858699798584
0.8 22.150943756103516
0.9 18.046064376831055
1.0 14.411541938781738
1.1 11.291465759277344
1.2000000000000002 8.587549209594727
1.3 6.129544734954834
1.4 3.8953518867492676
1.5 2.1047656536102295
1.6 1.0334153175354004
1.7000000000000002 0.5789869427680969
1.8 0.3992989659309387
1.9000000000000001 0.32205742597579956
2.0 0.297014057636261
2.1 0.30466312170028687
2.2 0.33262211084365845
2.3 0.3695816397666931
2.4000000000000004 0.4095373749732971
2.5 0.45357686281204224
2.6 0.5031777024269104
2.7 0.5505418181419373
2.8000000000000003 0.5977075695991516
2.9000000000000004 0.659169614315033
3.0 0.7434447407722473
3.1 0.8291131854057312
3.2 0.9126021265983582
3.3000000000000003 0.984693706035614
3.4000000000000004 1.0465478897094727
3.5 1.1048250198364258
3.6 1.1541390419006348
3.7 1.190685749053955
3.8000000000000003 1.2139403820037842
3.9000000000000004 1.234344720840454
4.0 1.2541372776031494
4.1 1.273756504058838
4.2 1.2799110412597656
4.300000000000001 1.2909655570983887
4.4 1.306602954864502
4.5 1.3200526237487793
4.6000000000000005 1.3310225009918213
4.7 1.3447010517120361
4.8 1.3605761528015137
4.9 1.3752636909484863
5.0 1.3943941593170166
5.1000000000000005 1.4109702110290527
5.2 1.431680679321289
5.300000000000001 1.4562861919403076
5.4 1.4866275787353516
5.5 1.5225441455841064
5.6000000000000005 1.5629980564117432
5.7 1.6053459644317627
5.800000000000001 1.6466965675354004
5.9 1.6471126079559326
6.0 1.6471126079559326
