0.5 12.609064102172852
0.6 9.63497543334961
0.7 7.045498371124268
0.8 4.9170145988464355
0.9 3.350186824798584
1.0 2.255784511566162
1.1 1.3865950107574463
1.2000000000000002 0.7180728316307068
1.3 0.3879479765892029
1.4 0.28244417905807495
1.5 0.26544636487960815
1.6 0.2917456030845642
1.7000000000000002 0.3839361071586609
1.8 0.5141764283180237
1.9000000000000001 0.6034701466560364
2.0 0.6321861147880554
2.1 0.6340885758399963
2.2 0.6263883709907532
2.3 0.6330174803733826
2.4000000000000004 0.6693381667137146
2.5 0.7341988682746887
2.6 0.7986086010932922
2.7 0.8423598408699036
2.8000000000000003 0.889488160610199
2.9000000000000004 0.9462255835533142
3.0 1.010673999786377
3.1 1.0623259544372559
3.2 1.1016933917999268
3.3000000000000003 1.1273388862609863
3.4000000000000004 1.1236870288848877
3.5 1.0748562812805176
3.6 1.075446605682373
3.7 1.0783121585845947
3.8000000000000003 1.0751569271087646
3.9000000000000004 1.06772780418396
4.0 1.0728342533111572
4.1 1.0828461647033691
4.2 1.1014513969421387
4.300000000000001 1.1203680038452148
4.4 1.1386733055114746
4.5 1.1847500801086426
4.6000000000000005 1.2310435771942139
4.7 1.2797901630401611
4.8 1.3206629753112793
4.9 1.348524570465088
5.0 1.3772127628326416
5.1000000000000005 1.413210153579712
5.2 1.449927568435669
5.300000000000001 1.4893991947174072
5.4 1.5305795669555664
5.5 1.5750579833984375
5.6000000000000005 1.6227946281433105
5.7 1.674461841583252
5.800000000000001 1.678844690322876
5.9 1.678844690322876
6.0 1.678844690322876
