0.5 9.994314193725586
0.6 7.547481060028076
0.7 5.584519386291504
0.8 4.126131534576416
0.9 3.026963710784912
1.0 2.050621271133423
1.1 1.2535004615783691
1.2000000000000002 0.762705385684967
1.3 0.5553645491600037
1.4 0.47794216871261597
1.5 0.45520883798599243
1.6 0.46606510877609253
1.7000000000000002 0.5181443095207214
1.8 0.5950518250465393
1.9000000000000001 0.6531086564064026
2.0 0.6778520941734314
2.1 0.6804221272468567
2.2 0.6793727278709412
2.3 0.6836970448493958
2.4000000000000004 0.7026520371437073
2.5 0.7293201088905334
2.6 0.7543683648109436
2.7 0.7906437516212463
2.8000000000000003 0.8335725665092468
2.9000000000000004 0.8816006779670715
3.0 0.9295868277549744
3.1 0.97346431016922
3.2 1.0180959701538086
3.3000000000000003 1.0620393753051758
3.4000000000000004 1.1071195602416992
3.5 1.1268079280853271
3.6 1.1354029178619385
3.7 1.1421053409576416
3.8000000000000003 1.1532421112060547
3.9000000000000004 1.1670804023742676
4.0 1.180757999420166
4.1 1.1951608657836914
4.2 1.2109148502349854
4.300000000000001 1.227062463760376
4.4 1.245495080947876
4.5 1.2662463188171387
4.6000000000000005 1.2918808460235596
4.7 1.319777250289917
4.8 1.334902048110962
4.9 1.3511319160461426
5.0 1.3733623027801514
5.1000000000000005 1.3992531299591064
5.2 1.4285874366760254
5.300000000000001 1.4624886512756348
5.4 1.5011157989501953
5.5 1.5443129539489746
5.6000000000000005 1.5927331447601318
5.7 1.623361587524414
5.800000000000001 1.637732982635498
5.9 1.65083646774292
6.0 1.6652843952178955
