0.5 45.8140983581543
0.6 41.16363525390625
0.7 36.216896057128906
0.8 31.023170471191406
0.9 25.777685165405273
1.0 20.896482467651367
1.1 16.602706909179688
1.2000000000000002 12.888106346130371
1.3 9.447537422180176
1.4 6.319711208343506
1.5 3.758230209350586
1.6 1.982438325881958
1.7000000000000002 0.9940631985664368
1.8 0.5979819893836975
1.9000000000000001 0.4434733986854553
2.0 0.38070303201675415
2.1 0.36269611120224
2.2 0.3712911009788513
2.3 0.39795058965682983
2.4000000000000004 0.43998080492019653
2.5 0.4982840418815613
2.6 0.5689221024513245
2.7 0.649048388004303
2.8000000000000003 0.7370169758796692
2.9000000000000004 0.827700674533844
3.0 0.9216708540916443
3.1 1.0189523696899414
3.2 1.1144685745239258
3.3000000000000003 1.206660270690918
3.4000000000000004 1.2935004234313965
3.5 1.3713924884796143
3.6 1.4375040531158447
3.7 1.483797311782837
3.8000000000000003 1.502107858657837
3.9000000000000004 1.5080461502075195
4.0 1.5082676410675049
4.1 1.5032756328582764
4.2 1.4991002082824707
4.300000000000001 1.4980137348175049
4.4 1.503800630569458
4.5 1.5026812553405762
4.6000000000000005 1.5008268356323242
4.7 1.5054068565368652
4.8 1.5155999660491943
4.9 1.5297417640686035
5.0 1.5481538772583008
5.1000000000000005 1.5707523822784424
5.2 1.5962228775024414
5.300000000000001 1.6284079551696777
5.4 1.6691358089447021
5.5 1.7178773880004883
5.6000000000000005 1.773644208908081
5.7 1.8343784809112549
5.800000000000001 1.8793530464172363
5.9 1.8975131511688232
6.0 1.8975131511688232
