0.5 13.305264472961426
0.6 10.352265357971191
0.7 7.870193958282471
0.8 5.888188362121582
0.9 4.352479934692383
1.0 3.1583595275878906
1.1 2.039527654647827
1.2000000000000002 1.122370719909668
1.3 0.5762292742729187
1.4 0.3494790196418762
1.5 0.2591826319694519
1.6 0.23161989450454712
1.7000000000000002 0.2334180474281311
1.8 0.2587081789970398
1.9000000000000001 0.298667848110199
2.0 0.33026212453842163
2.1 0.3401493430137634
2.2 0.33564382791519165
2.3 0.33421510457992554
2.4000000000000004 0.342135488986969
2.5 0.37005776166915894
2.6 0.40564578771591187
2.7 0.44938355684280396
2.8000000000000003 0.5025383830070496
2.9000000000000004 0.5636083483695984
3.0 0.6269777417182922
3.1 0.6876370310783386
3.2 0.7438700795173645
3.3000000000000003 0.7998865246772766
3.4000000000000004 0.8567613959312439
3.5 0.9087877869606018
3.6 0.9269785284996033
3.7 0.9331070780754089
3.8000000000000003 0.9369696974754333
3.9000000000000004 0.9416804909706116
4.0 0.9498375058174133
4.1 0.9556648135185242
4.2 0.961406409740448
4.300000000000001 0.9684106707572937
4.4 0.97453373670578
4.5 0.981132447719574
4.6000000000000005 0.9927695393562317
4.7 1.009885549545288
4.8 1.030529260635376
4.9 1.0369360446929932
5.0 1.0471124649047852
5.1000000000000005 1.06563138961792
5.2 1.087920904159546
5.300000000000001 1.1144752502441406
5.4 1.1466131210327148
5.5 1.1860647201538086
5.6000000000000005 1.2297720909118652
5.7 1.2793266773223877
5.800000000000001 1.3037950992584229
5.9 1.3234686851501465
6.0 1.3466670513153076
