0.5 11.387292861938477
0.6 8.685551643371582
0.7 6.43440580368042
0.8 4.659655570983887
0.9 3.3442015647888184
1.0 2.2915923595428467
1.1 1.37811279296875
1.2000000000000002 0.737619936466217
1.3 0.4322269558906555
1.4 0.30826348066329956
1.5 0.2654992938041687
1.6 0.26075810194015503
1.7000000000000002 0.29781240224838257
1.8 0.38400810956954956
1.9000000000000001 0.4667690396308899
2.0 0.5065467953681946
2.1 0.5122974514961243
2.2 0.4994092583656311
2.3 0.49381619691848755
2.4000000000000004 0.49820131063461304
2.5 0.5182597041130066
2.6 0.5344504714012146
2.7 0.5503808856010437
2.8000000000000003 0.5780578255653381
2.9000000000000004 0.6185509562492371
3.0 0.6670363545417786
3.1 0.7104459404945374
3.2 0.7514347434043884
3.3000000000000003 0.7932973504066467
3.4000000000000004 0.837864339351654
3.5 0.88096684217453
3.6 0.90815669298172
3.7 0.9254592061042786
3.8000000000000003 0.9442070126533508
3.9000000000000004 0.9576613306999207
4.0 0.9750714898109436
4.1 0.991569459438324
4.2 1.0095598697662354
4.300000000000001 1.03243088722229
4.4 1.0553719997406006
4.5 1.0810110569000244
4.6000000000000005 1.1087424755096436
4.7 1.1425445079803467
4.8 1.1736385822296143
4.9 1.193589210510254
5.0 1.2168903350830078
5.1000000000000005 1.2463510036468506
5.2 1.2770473957061768
5.300000000000001 1.3103704452514648
5.4 1.3472437858581543
5.5 1.3872525691986084
5.6000000000000005 1.4301655292510986
5.7 1.4763596057891846
5.800000000000001 1.4803330898284912
5.9 1.4803330898284912
6.0 1.4803330898284912
