0.5 12.389632225036621
0.6 9.595223426818848
0.7 7.205896854400635
0.8 5.299686431884766
0.9 3.8826661109924316
1.0 2.8260278701782227
1.1 1.8767626285552979
1.2000000000000002 1.0911774635314941
1.3 0.5847762227058411
1.4 0.36269110441207886
1.5 0.27130192518234253
1.6 0.24178200960159302
1.7000000000000002 0.24855691194534302
1.8 0.2934170365333557
1.9000000000000001 0.35552746057510376
2.0 0.39836710691452026
2.1 0.41065460443496704
2.2 0.40295320749282837
2.3 0.3953548073768616
2.4000000000000004 0.40135127305984497
2.5 0.4228596091270447
2.6 0.45457810163497925
2.7 0.4871365427970886
2.8000000000000003 0.5301722884178162
2.9000000000000004 0.5797603726387024
3.0 0.6337907910346985
3.1 0.6870390772819519
3.2 0.7384387850761414
3.3000000000000003 0.7894445061683655
3.4000000000000004 0.8435235619544983
3.5 0.8924581408500671
3.6 0.9096121191978455
3.7 0.9133188128471375
3.8000000000000003 0.9170718789100647
3.9000000000000004 0.9242659211158752
4.0 0.9354752898216248
4.1 0.9463791251182556
4.2 0.9596732258796692
4.300000000000001 0.9745659232139587
4.4 0.9898117184638977
4.5 1.0081820487976074
4.6000000000000005 1.029827356338501
4.7 1.0566020011901855
4.8 1.07879638671875
4.9 1.0934979915618896
5.0 1.112107276916504
5.1000000000000005 1.137434959411621
5.2 1.166229486465454
5.300000000000001 1.1980373859405518
5.4 1.2348620891571045
5.5 1.2761712074279785
5.6000000000000005 1.3226029872894287
5.7 1.374128818511963
5.800000000000001 1.4050307273864746
5.9 1.4181761741638184
6.0 1.4316787719726562
