0.5 10.508294105529785
0.6 7.977000713348389
0.7 5.925536632537842
0.8 4.362846374511719
0.9 3.2135567665100098
1.0 2.2146193981170654
1.1 1.358893871307373
1.2000000000000002 0.8057019114494324
1.3 0.5598084330558777
1.4 0.4654145836830139
1.5 0.4342419505119324
1.6 0.4351455569267273
1.7000000000000002 0.46859365701675415
1.8 0.5277188420295715
1.9000000000000001 0.5793251395225525
2.0 0.6040144562721252
2.1 0.605098307132721
2.2 0.6025769114494324
2.3 0.6077089905738831
2.4000000000000004 0.6268600821495056
2.5 0.6562299132347107
2.6 0.6843470931053162
2.7 0.7225831151008606
2.8000000000000003 0.7698284983634949
2.9000000000000004 0.8222836852073669
3.0 0.8766453862190247
3.1 0.9281986355781555
3.2 0.9802537560462952
3.3000000000000003 1.0326192378997803
3.4000000000000004 1.0856969356536865
3.5 1.113825798034668
3.6 1.1218163967132568
3.7 1.1258368492126465
3.8000000000000003 1.1335303783416748
3.9000000000000004 1.1440911293029785
4.0 1.1567153930664062
4.1 1.1693134307861328
4.2 1.1834168434143066
4.300000000000001 1.1997087001800537
4.4 1.2173609733581543
4.5 1.237736701965332
4.6000000000000005 1.2630784511566162
4.7 1.2866392135620117
4.8 1.3009049892425537
4.9 1.3182322978973389
5.0 1.3407742977142334
5.1000000000000005 1.3676972389221191
5.2 1.3977577686309814
5.300000000000001 1.4322857856750488
5.4 1.4711568355560303
5.5 1.5150365829467773
5.6000000000000005 1.5646686553955078
5.7 1.6004960536956787
5.800000000000001 1.616307020187378
5.9 1.6297576427459717
6.0 1.6448009014129639
