0.5 11.444637298583984
0.6 8.733254432678223
0.7 6.496386528015137
0.8 4.770201206207275
0.9 3.5256128311157227
1.0 2.5357279777526855
1.1 1.6000449657440186
1.2000000000000002 0.8650626540184021
1.3 0.44085413217544556
1.4 0.27603477239608765
1.5 0.21245449781417847
1.6 0.19562816619873047
1.7000000000000002 0.20509827136993408
1.8 0.23895889520645142
1.9000000000000001 0.2809421420097351
2.0 0.308043897151947
2.1 0.3143811821937561
2.2 0.3087795376777649
2.3 0.3063625693321228
2.4000000000000004 0.31538861989974976
2.5 0.33998268842697144
2.6 0.3733516335487366
2.7 0.4158044457435608
2.8000000000000003 0.46866971254348755
2.9000000000000004 0.5297127366065979
3.0 0.595720112323761
3.1 0.6593809723854065
3.2 0.7241383194923401
3.3000000000000003 0.7870517373085022
3.4000000000000004 0.8545375466346741
3.5 0.9029760956764221
3.6 0.9155070185661316
3.7 0.9209960103034973
3.8000000000000003 0.9290189146995544
3.9000000000000004 0.936040461063385
4.0 0.9458634257316589
4.1 0.9527836441993713
4.2 0.9584992527961731
4.300000000000001 0.9670355916023254
4.4 0.9739333987236023
4.5 0.9807140231132507
4.6000000000000005 0.988029420375824
4.7 0.9983834624290466
4.8 1.0091915130615234
4.9 1.0168023109436035
5.0 1.0290977954864502
5.1000000000000005 1.049037218093872
5.2 1.0737524032592773
5.300000000000001 1.1034011840820312
5.4 1.139136552810669
5.5 1.182375431060791
5.6000000000000005 1.2304391860961914
5.7 1.2818121910095215
5.800000000000001 1.303513765335083
5.9 1.3233869075775146
6.0 1.3468387126922607
