0.5 10.509467124938965
0.6 7.924950122833252
0.7 5.832095623016357
0.8 4.2368292808532715
0.9 3.075266122817993
1.0 2.0917067527770996
1.1 1.2282931804656982
1.2000000000000002 0.6274951100349426
1.3 0.34798866510391235
1.4 0.23894745111465454
1.5 0.2010541558265686
1.6 0.1973971128463745
1.7000000000000002 0.22623252868652344
1.8 0.2860259413719177
1.9000000000000001 0.34059029817581177
2.0 0.3660094141960144
2.1 0.36619216203689575
2.2 0.3594200015068054
2.3 0.3570372462272644
2.4000000000000004 0.3696081042289734
2.5 0.3944094777107239
2.6 0.419544517993927
2.7 0.4542117714881897
2.8000000000000003 0.4977077841758728
2.9000000000000004 0.5478969216346741
3.0 0.5999787449836731
3.1 0.6477870345115662
3.2 0.6983941197395325
3.3000000000000003 0.7491088509559631
3.4000000000000004 0.799812376499176
3.5 0.8360734581947327
3.6 0.8483201861381531
3.7 0.8549440503120422
3.8000000000000003 0.8670589327812195
3.9000000000000004 0.8812317252159119
4.0 0.8977941870689392
4.1 0.912274181842804
4.2 0.9265056252479553
4.300000000000001 0.9427182078361511
4.4 0.95854252576828
4.5 0.9780990481376648
4.6000000000000005 1.0018877983093262
4.7 1.0283215045928955
4.8 1.0446486473083496
4.9 1.0605859756469727
5.0 1.082552194595337
5.1000000000000005 1.1097052097320557
5.2 1.1403887271881104
5.300000000000001 1.1748075485229492
5.4 1.2153010368347168
5.5 1.2603023052215576
5.6000000000000005 1.3105432987213135
5.7 1.3513879776000977
5.800000000000001 1.3663618564605713
5.9 1.3790514469146729
6.0 1.392784833908081
