0.5 11.774867057800293
0.6 8.953977584838867
0.7 6.5201826095581055
0.8 4.612673282623291
0.9 3.2560935020446777
1.0 2.2638967037200928
1.1 1.4209465980529785
1.2000000000000002 0.8077849745750427
1.3 0.5528046488761902
1.4 0.4849854111671448
1.5 0.4836375117301941
1.6 0.5279681086540222
1.7000000000000002 0.6335523724555969
1.8 0.7568867802619934
1.9000000000000001 0.8304138779640198
2.0 0.8583495020866394
2.1 0.8616047501564026
2.2 0.8672279715538025
2.3 0.895743191242218
2.4000000000000004 0.9556477665901184
2.5 1.0318317413330078
2.6 1.0824594497680664
2.7 1.132422924041748
2.8000000000000003 1.1862127780914307
2.9000000000000004 1.2425947189331055
3.0 1.2989404201507568
3.1 1.3358309268951416
3.2 1.3617198467254639
3.3000000000000003 1.365189790725708
3.4000000000000004 1.3387348651885986
3.5 1.3127505779266357
3.6 1.3247544765472412
3.7 1.3256208896636963
3.8000000000000003 1.3235862255096436
3.9000000000000004 1.3220081329345703
4.0 1.3275389671325684
4.1 1.3374171257019043
4.2 1.3498859405517578
4.300000000000001 1.3622231483459473
4.4 1.384129524230957
4.5 1.4231548309326172
4.6000000000000005 1.4607861042022705
4.7 1.4980952739715576
4.8 1.5298407077789307
4.9 1.5489118099212646
5.0 1.5708825588226318
5.1000000000000005 1.598639965057373
5.2 1.6279864311218262
5.300000000000001 1.6581861972808838
5.4 1.692237138748169
5.5 1.7307517528533936
5.6000000000000005 1.773242712020874
5.7 1.806018590927124
5.800000000000001 1.8179662227630615
5.9 1.8301565647125244
6.0 1.8445134162902832
