0.5 12.454224586486816
0.6 9.551036834716797
0.7 7.011383533477783
0.8 4.899887561798096
0.9 3.3428406715393066
1.0 2.257659673690796
1.1 1.3969149589538574
1.2000000000000002 0.7244369387626648
1.3 0.3989406228065491
1.4 0.29398423433303833
1.5 0.2793119549751282
1.6 0.3181987404823303
1.7000000000000002 0.438945472240448
1.8 0.5862480998039246
1.9000000000000001 0.678767740726471
2.0 0.7061893343925476
2.1 0.7085924744606018
2.2 0.7027676701545715
2.3 0.7128416895866394
2.4000000000000004 0.7559426426887512
2.5 0.8246995806694031
2.6 0.8852259516716003
2.7 0.9227880835533142
2.8000000000000003 0.9666321873664856
2.9000000000000004 1.0212821960449219
3.0 1.0860309600830078
3.1 1.1331791877746582
3.2 1.1650652885437012
3.3000000000000003 1.179835319519043
3.4000000000000004 1.1625969409942627
3.5 1.105241298675537
3.6 1.107729434967041
3.7 1.1090118885040283
3.8000000000000003 1.1089584827423096
3.9000000000000004 1.1030092239379883
4.0 1.1065239906311035
4.1 1.1148250102996826
4.2 1.131544828414917
4.300000000000001 1.1475305557250977
4.4 1.1621458530426025
4.5 1.2063963413238525
4.6000000000000005 1.2480370998382568
4.7 1.2927498817443848
4.8 1.3355910778045654
4.9 1.3687150478363037
5.0 1.395270824432373
5.1000000000000005 1.4294190406799316
5.2 1.4637043476104736
5.300000000000001 1.5007915496826172
5.4 1.5398459434509277
5.5 1.5820014476776123
5.6000000000000005 1.6275138854980469
5.7 1.6762185096740723
5.800000000000001 1.678844690322876
5.9 1.678844690322876
6.0 1.678844690322876
