0.5 13.51797866821289
0.6 10.509395599365234
0.7 7.833902835845947
0.8 5.598723411560059
0.9 3.89030122756958
1.0 2.706939697265625
1.1 1.7977817058563232
1.2000000000000002 1.0321545600891113
1.3 0.5110700726509094
1.4 0.310637891292572
1.5 0.2577444911003113
1.6 0.261835515499115
1.7000000000000002 0.31622689962387085
1.8 0.4212111830711365
1.9000000000000001 0.5126059651374817
2.0 0.5538446307182312
2.1 0.5602521300315857
2.2 0.5508196949958801
2.3 0.5523670315742493
2.4000000000000004 0.5851830840110779
2.5 0.6513323187828064
2.6 0.7284664511680603
2.7 0.7879225611686707
2.8000000000000003 0.8504447340965271
2.9000000000000004 0.9159025549888611
3.0 0.9837605357170105
3.1 1.0433738231658936
3.2 1.0885379314422607
3.3000000000000003 1.1174185276031494
3.4000000000000004 1.1231253147125244
3.5 1.0877187252044678
3.6 1.0773632526397705
3.7 1.0729825496673584
3.8000000000000003 1.060302972793579
3.9000000000000004 1.0475752353668213
4.0 1.044724941253662
4.1 1.047229528427124
4.2 1.0573570728302002
4.300000000000001 1.0698449611663818
4.4 1.0822887420654297
4.5 1.1181485652923584
4.6000000000000005 1.1604187488555908
4.7 1.2019968032836914
4.8 1.2387566566467285
4.9 1.2622747421264648
5.0 1.2840797901153564
5.1000000000000005 1.3123157024383545
5.2 1.3445184230804443
5.300000000000001 1.3776130676269531
5.4 1.4118905067443848
5.5 1.4519860744476318
5.6000000000000005 1.495002031326294
5.7 1.54410719871521
5.800000000000001 1.5684709548950195
5.9 1.5804977416992188
6.0 1.5950767993927002
