0.5 15.549924850463867
0.6 12.349814414978027
0.7 9.480172157287598
0.8 7.066592216491699
0.9 5.103422164916992
1.0 3.593142032623291
1.1 2.3950676918029785
1.2000000000000002 1.388524055480957
1.3 0.6918385624885559
1.4 0.3985288739204407
1.5 0.3082677721977234
1.6 0.29663199186325073
1.7000000000000002 0.3211504817008972
1.8 0.37550026178359985
1.9000000000000001 0.4446408152580261
2.0 0.4906314015388489
2.1 0.5047749876976013
2.2 0.5015576481819153
2.3 0.5097406506538391
2.4000000000000004 0.5486615300178528
2.5 0.6286397576332092
2.6 0.7202157378196716
2.7 0.8052927851676941
2.8000000000000003 0.8867496848106384
2.9000000000000004 0.9693455100059509
3.0 1.0526292324066162
3.1 1.1252820491790771
3.2 1.176858901977539
3.3000000000000003 1.209519863128662
3.4000000000000004 1.2112665176391602
3.5 1.1683716773986816
3.6 1.1497611999511719
3.7 1.154618740081787
3.8000000000000003 1.1457929611206055
3.9000000000000004 1.1352782249450684
4.0 1.1309595108032227
4.1 1.1330771446228027
4.2 1.1382312774658203
4.300000000000001 1.143622875213623
4.4 1.1454493999481201
4.5 1.1758050918579102
4.6000000000000005 1.2080299854278564
4.7 1.2394599914550781
4.8 1.2715134620666504
4.9 1.2812609672546387
5.0 1.2899012565612793
5.1000000000000005 1.3062419891357422
5.2 1.3275275230407715
5.300000000000001 1.351719617843628
5.4 1.3787214756011963
5.5 1.4137134552001953
5.6000000000000005 1.4523894786834717
5.7 1.500309944152832
5.800000000000001 1.5280799865722656
5.9 1.5467021465301514
6.0 1.5696697235107422
