0.5 13.946313858032227
0.6 31.34785270690918
0.7 25.503206253051758
0.8 26.69953727722168
0.9 23.497331619262695
1.0 22.445106506347656
1.1 22.252153396606445
1.2000000000000002 21.879711151123047
1.3 20.30793571472168
1.4 16.75843620300293
1.5 13.288612365722656
1.6 10.480019569396973
1.7000000000000002 7.660635471343994
1.8 4.905259609222412
1.9000000000000001 2.866501808166504
2.0 1.519059181213379
2.1 0.8861076235771179
2.2 0.6997008919715881
2.3 0.6304524540901184
2.4000000000000004 0.6099628806114197
2.5 0.6073551774024963
2.6 0.6082531809806824
2.7 0.6087170243263245
2.8000000000000003 0.610690176486969
2.9000000000000004 0.626194417476654
3.0 0.647509753704071
3.1 0.6784595847129822
3.2 0.7048860192298889
3.3000000000000003 0.7125723958015442
3.4000000000000004 0.718749463558197
3.5 0.7281189560890198
3.6 0.7338636517524719
3.7 0.7395872473716736
3.8000000000000003 0.7420315146446228
3.9000000000000004 0.7523072361946106
4.0 0.7512094378471375
4.1 0.7480844855308533
4.2 0.7497124075889587
4.300000000000001 0.7591021656990051
4.4 0.7805179953575134
4.5 0.8088275790214539
4.6000000000000005 0.8427137732505798
4.7 0.8776006102561951
4.8 0.9214232563972473
4.9 0.9698850512504578
5.0 1.0278055667877197
5.1000000000000005 1.088493824005127
5.2 1.1002511978149414
5.300000000000001 1.1113686561584473
5.4 1.1232843399047852
5.5 1.1368193626403809
5.6000000000000005 1.150895595550537
5.7 1.165109395980835
5.800000000000001 1.1801340579986572
5.9 1.1958768367767334
6.0 1.2101070880889893
