0.5 11.506978988647461
0.6 8.831077575683594
0.7 6.586344242095947
0.8 4.826639652252197
0.9 3.5330166816711426
1.0 2.4851057529449463
1.1 1.5818696022033691
1.2000000000000002 0.947343647480011
1.3 0.6586323380470276
1.4 0.5439578890800476
1.5 0.5096402764320374
1.6 0.5116726756095886
1.7000000000000002 0.559749186038971
1.8 0.6587137579917908
1.9000000000000001 0.7487429976463318
2.0 0.7885579466819763
2.1 0.7927959561347961
2.2 0.7784255146980286
2.3 0.7700149416923523
2.4000000000000004 0.7723217606544495
2.5 0.7901131510734558
2.6 0.8045865893363953
2.7 0.8185567259788513
2.8000000000000003 0.8449962735176086
2.9000000000000004 0.8829122185707092
3.0 0.9286354184150696
3.1 0.9684879183769226
3.2 1.0062954425811768
3.3000000000000003 1.0443673133850098
3.4000000000000004 1.0826027393341064
3.5 1.1216421127319336
3.6 1.143247365951538
3.7 1.1541595458984375
3.8000000000000003 1.1654744148254395
3.9000000000000004 1.1815896034240723
4.0 1.199462652206421
4.1 1.2179019451141357
4.2 1.2388193607330322
4.300000000000001 1.2646403312683105
4.4 1.2897582054138184
4.5 1.3164277076721191
4.6000000000000005 1.3456943035125732
4.7 1.3813517093658447
4.8 1.4194295406341553
4.9 1.449695348739624
5.0 1.4795801639556885
5.1000000000000005 1.5092880725860596
5.2 1.5397415161132812
5.300000000000001 1.5728096961975098
5.4 1.6094748973846436
5.5 1.64915132522583
5.6000000000000005 1.6916477680206299
5.7 1.736781120300293
5.800000000000001 1.7393066883087158
5.9 1.7393066883087158
6.0 1.7393066883087158
