0.5 12.507418632507324
0.6 9.600448608398438
0.7 7.037924289703369
0.8 4.912518501281738
0.9 3.349303722381592
1.0 2.253167152404785
1.1 1.3920958042144775
1.2000000000000002 0.7332562804222107
1.3 0.4041302800178528
1.4 0.29506736993789673
1.5 0.27779585123062134
1.6 0.30735713243484497
1.7000000000000002 0.40312856435775757
1.8 0.5296732783317566
1.9000000000000001 0.609226405620575
2.0 0.6304389834403992
2.1 0.6276786923408508
2.2 0.6171445250511169
2.3 0.6242672801017761
2.4000000000000004 0.663008987903595
2.5 0.7285136580467224
2.6 0.7913230061531067
2.7 0.834703266620636
2.8000000000000003 0.8825731873512268
2.9000000000000004 0.9393760561943054
3.0 1.0043303966522217
3.1 1.0543606281280518
3.2 1.0940823554992676
3.3000000000000003 1.1189310550689697
3.4000000000000004 1.113004446029663
3.5 1.0616202354431152
3.6 1.0594375133514404
3.7 1.0516140460968018
3.8000000000000003 1.0421710014343262
3.9000000000000004 1.0334446430206299
4.0 1.0400121212005615
4.1 1.0517330169677734
4.2 1.0725996494293213
4.300000000000001 1.0939602851867676
4.4 1.114842414855957
4.5 1.165804386138916
4.6000000000000005 1.2156627178192139
4.7 1.2678558826446533
4.8 1.3113322257995605
4.9 1.3398492336273193
5.0 1.3693580627441406
5.1000000000000005 1.4067132472991943
5.2 1.4439244270324707
5.300000000000001 1.483527421951294
5.4 1.524256706237793
5.5 1.5677199363708496
5.6000000000000005 1.6138923168182373
5.7 1.6628544330596924
5.800000000000001 1.6658227443695068
5.9 1.6658227443695068
6.0 1.6658227443695068
