0.5 19.617599487304688
0.6 24.175264358520508
0.7 24.22188377380371
0.8 26.006439208984375
0.9 23.613628387451172
1.0 22.984046936035156
1.1 23.266660690307617
1.2000000000000002 22.748380661010742
1.3 21.665664672851562
1.4 19.426834106445312
1.5 15.60287857055664
1.6 11.66011905670166
1.7000000000000002 8.427114486694336
1.8 5.80681848526001
1.9000000000000001 3.7139811515808105
2.0 2.1414637565612793
2.1 1.1862502098083496
2.2 0.7948960661888123
2.3 0.66801518201828
2.4000000000000004 0.6241571307182312
2.5 0.6219714283943176
2.6 0.6472570300102234
2.7 0.6877214312553406
2.8000000000000003 0.7329482436180115
2.9000000000000004 0.7764820456504822
3.0 0.827368438243866
3.1 0.8873558640480042
3.2 0.9520959258079529
3.3000000000000003 1.0235483646392822
3.4000000000000004 1.094938039779663
3.5 1.1685566902160645
3.6 1.2317008972167969
3.7 1.2820825576782227
3.8000000000000003 1.3314611911773682
3.9000000000000004 1.3768730163574219
4.0 1.4158921241760254
4.1 1.4510667324066162
4.2 1.487478256225586
4.300000000000001 1.525463342666626
4.4 1.5655388832092285
4.5 1.605719804763794
4.6000000000000005 1.6039526462554932
4.7 1.6042261123657227
4.8 1.6029188632965088
4.9 1.6044116020202637
5.0 1.6094839572906494
5.1000000000000005 1.6161582469940186
5.2 1.6240777969360352
5.300000000000001 1.6330275535583496
5.4 1.643040657043457
5.5 1.655132532119751
5.6000000000000005 1.6692383289337158
5.7 1.685333490371704
5.800000000000001 1.7033436298370361
5.9 1.7222130298614502
6.0 1.7393064498901367
