0.5 13.980859756469727
0.6 10.949763298034668
0.7 8.255446434020996
0.8 5.990890026092529
0.9 4.249972820281982
1.0 3.0304765701293945
1.1 2.0815494060516357
1.2000000000000002 1.2758355140686035
1.3 0.7457378506660461
1.4 0.5469407439231873
1.5 0.497048556804657
1.6 0.5022535920143127
1.7000000000000002 0.5508518815040588
1.8 0.6466575264930725
1.9000000000000001 0.7361838221549988
2.0 0.7793154120445251
2.1 0.7883463501930237
2.2 0.7807773947715759
2.3 0.7841371893882751
2.4000000000000004 0.8139010071754456
2.5 0.8760989308357239
2.6 0.9491059184074402
2.7 1.0083210468292236
2.8000000000000003 1.0713045597076416
2.9000000000000004 1.1374125480651855
3.0 1.2062416076660156
3.1 1.2677834033966064
3.2 1.3158559799194336
3.3000000000000003 1.3497371673583984
3.4000000000000004 1.3615262508392334
3.5 1.3339354991912842
3.6 1.325897216796875
3.7 1.3222603797912598
3.8000000000000003 1.3104546070098877
3.9000000000000004 1.2989177703857422
4.0 1.297051191329956
4.1 1.3006205558776855
4.2 1.3116059303283691
4.300000000000001 1.3249943256378174
4.4 1.3383939266204834
4.5 1.3744893074035645
4.6000000000000005 1.4158618450164795
4.7 1.4568610191345215
4.8 1.4933586120605469
4.9 1.5170071125030518
5.0 1.5388500690460205
5.1000000000000005 1.5669260025024414
5.2 1.5988950729370117
5.300000000000001 1.6316866874694824
5.4 1.665449619293213
5.5 1.7049446105957031
5.6000000000000005 1.7473690509796143
5.7 1.7957518100738525
5.800000000000001 1.8199553489685059
5.9 1.832383155822754
6.0 1.8474173545837402
