0.5 12.28294849395752
0.6 9.419940948486328
0.7 6.941594123840332
0.8 4.965516090393066
0.9 3.5212292671203613
1.0 2.489854335784912
1.1 1.6157050132751465
1.2000000000000002 0.9346335530281067
1.3 0.6078380942344666
1.4 0.5092059969902039
1.5 0.4950522780418396
1.6 0.5230712294578552
1.7000000000000002 0.5994195342063904
1.8 0.7010183930397034
1.9000000000000001 0.7659527659416199
2.0 0.7875533699989319
2.1 0.7837911248207092
2.2 0.7807320952415466
2.3 0.7959455847740173
2.4000000000000004 0.8456712365150452
2.5 0.9189116358757019
2.6 0.9818350672721863
2.7 1.0418720245361328
2.8000000000000003 1.1073732376098633
2.9000000000000004 1.1742775440216064
3.0 1.2427644729614258
3.1 1.2958424091339111
3.2 1.3379237651824951
3.3000000000000003 1.3586018085479736
3.4000000000000004 1.351123332977295
3.5 1.3230712413787842
3.6 1.327301263809204
3.7 1.315767526626587
3.8000000000000003 1.3041815757751465
3.9000000000000004 1.295325517654419
4.0 1.2989590167999268
4.1 1.3058722019195557
4.2 1.318000316619873
4.300000000000001 1.3324213027954102
4.4 1.3544795513153076
4.5 1.3975868225097656
4.6000000000000005 1.4389283657073975
4.7 1.4790229797363281
4.8 1.507422924041748
4.9 1.5287935733795166
5.0 1.5529026985168457
5.1000000000000005 1.584613561630249
5.2 1.6171438694000244
5.300000000000001 1.6500256061553955
5.4 1.686711311340332
5.5 1.7279314994812012
5.6000000000000005 1.772587537765503
5.7 1.8122076988220215
5.800000000000001 1.8265464305877686
5.9 1.840623140335083
6.0 1.8567759990692139
