0.5 13.393266677856445
0.6 10.392364501953125
0.7 7.733631610870361
0.8 5.518773078918457
0.9 3.8318018913269043
1.0 2.6662700176239014
1.1 1.7635884284973145
1.2000000000000002 1.0042617321014404
1.3 0.49777716398239136
1.4 0.3065240979194641
1.5 0.25708895921707153
1.6 0.26296740770339966
1.7000000000000002 0.3195949196815491
1.8 0.42568010091781616
1.9000000000000001 0.5153470635414124
2.0 0.5546255707740784
2.1 0.5598916411399841
2.2 0.5505390763282776
2.3 0.553030788898468
2.4000000000000004 0.587466299533844
2.5 0.6543715596199036
2.6 0.7310685515403748
2.7 0.7902985215187073
2.8000000000000003 0.852973997592926
2.9000000000000004 0.9185478091239929
3.0 0.9866201281547546
3.1 1.045405387878418
3.2 1.0902924537658691
3.3000000000000003 1.117959976196289
3.4000000000000004 1.12251615524292
3.5 1.0854253768920898
3.6 1.0776312351226807
3.7 1.072571039199829
3.8000000000000003 1.0599312782287598
3.9000000000000004 1.0470473766326904
4.0 1.0448191165924072
4.1 1.047436237335205
4.2 1.0578687191009521
4.300000000000001 1.0704162120819092
4.4 1.0827522277832031
4.5 1.1199345588684082
4.6000000000000005 1.1621766090393066
4.7 1.2037088871002197
4.8 1.239905834197998
4.9 1.263047456741333
5.0 1.2849857807159424
5.1000000000000005 1.3136296272277832
5.2 1.3458583354949951
5.300000000000001 1.3789293766021729
5.4 1.4133503437042236
5.5 1.4536688327789307
5.6000000000000005 1.496819257736206
5.7 1.5458056926727295
5.800000000000001 1.5689351558685303
5.9 1.5810670852661133
6.0 1.5957322120666504
