0.5 13.079683303833008
0.6 10.084956169128418
0.7 7.467199802398682
0.8 5.301292419433594
0.9 3.6973886489868164
1.0 2.5679280757904053
1.1 1.6607470512390137
1.2000000000000002 0.9596880078315735
1.3 0.6242238879203796
1.4 0.518968403339386
1.5 0.5031455159187317
1.6 0.5273054242134094
1.7000000000000002 0.608177125453949
1.8 0.7303264737129211
1.9000000000000001 0.81988924741745
2.0 0.850861132144928
2.1 0.8544054627418518
2.2 0.8476671576499939
2.3 0.855235755443573
2.4000000000000004 0.8886714577674866
2.5 0.9502707123756409
2.6 1.011948823928833
2.7 1.057279348373413
2.8000000000000003 1.1066713333129883
2.9000000000000004 1.1650354862213135
3.0 1.231477975845337
3.1 1.2870750427246094
3.2 1.3314428329467773
3.3000000000000003 1.364152431488037
3.4000000000000004 1.3685522079467773
3.5 1.3288121223449707
3.6 1.3311803340911865
3.7 1.3346590995788574
3.8000000000000003 1.3318984508514404
3.9000000000000004 1.3256258964538574
4.0 1.3309569358825684
4.1 1.3416526317596436
4.2 1.3607077598571777
4.300000000000001 1.3802859783172607
4.4 1.399430274963379
4.5 1.4452319145202637
4.6000000000000005 1.4906632900238037
4.7 1.5388031005859375
4.8 1.579817295074463
4.9 1.607753038406372
5.0 1.6365916728973389
5.1000000000000005 1.6725473403930664
5.2 1.7090530395507812
5.300000000000001 1.748161792755127
5.4 1.7887787818908691
5.5 1.8325719833374023
5.6000000000000005 1.879450798034668
5.7 1.9301860332489014
5.800000000000001 1.9345757961273193
5.9 1.9345757961273193
6.0 1.9345757961273193
