0.5 12.948277473449707
0.6 10.020182609558105
0.7 7.446484088897705
0.8 5.292980670928955
0.9 3.6950206756591797
1.0 2.572953939437866
1.1 1.6751389503479004
1.2000000000000002 0.9734578728675842
1.3 0.6361681818962097
1.4 0.5304644703865051
1.5 0.516145646572113
1.6 0.5501001477241516
1.7000000000000002 0.6569300293922424
1.8 0.7982037663459778
1.9000000000000001 0.8926168084144592
2.0 0.9223570227622986
2.1 0.9260013699531555
2.2 0.9198217988014221
2.3 0.9292269349098206
2.4000000000000004 0.9676217436790466
2.5 1.0324127674102783
2.6 1.0909531116485596
2.7 1.1309998035430908
2.8000000000000003 1.1778817176818848
2.9000000000000004 1.2350828647613525
3.0 1.3026647567749023
3.1 1.355069875717163
3.2 1.3929557800292969
3.3000000000000003 1.41585111618042
3.4000000000000004 1.4074416160583496
3.5 1.3592453002929688
3.6 1.3628013134002686
3.7 1.3646483421325684
3.8000000000000003 1.3649537563323975
3.9000000000000004 1.359990119934082
4.0 1.3637282848358154
4.1 1.3727960586547852
4.2 1.3901035785675049
4.300000000000001 1.4068727493286133
4.4 1.4225130081176758
4.5 1.4661893844604492
4.6000000000000005 1.5072777271270752
4.7 1.551774024963379
4.8 1.5946288108825684
4.9 1.6278209686279297
5.0 1.654482364654541
5.1000000000000005 1.6884639263153076
5.2 1.7225446701049805
5.300000000000001 1.7592780590057373
5.4 1.7976946830749512
5.5 1.8390872478485107
5.6000000000000005 1.8836169242858887
5.7 1.9315564632415771
5.800000000000001 1.9345757961273193
5.9 1.9345757961273193
6.0 1.9345757961273193
