0.5 3.9062447547912598
0.6 12.993596076965332
0.7 16.046489715576172
0.8 14.865620613098145
0.9 10.615374565124512
1.0 7.8504319190979
1.1 5.543055534362793
1.2000000000000002 3.3359179496765137
1.3 1.9388384819030762
1.4 1.0011746883392334
1.5 0.6179118752479553
1.6 0.5261502861976624
1.7000000000000002 0.5535371899604797
1.8 0.6439421772956848
1.9000000000000001 0.768734872341156
2.0 0.9326364398002625
2.1 1.1339843273162842
2.2 1.3627610206604004
2.3 1.6133861541748047
2.4000000000000004 1.8333656787872314
2.5 2.0620086193084717
2.6 2.2836391925811768
2.7 2.4826109409332275
2.8000000000000003 2.6400420665740967
2.9000000000000004 2.759647846221924
3.0 2.852468252182007
3.1 2.929380416870117
3.2 2.9952330589294434
3.3000000000000003 3.060847759246826
3.4000000000000004 3.117924928665161
3.5 3.178154230117798
3.6 3.2440316677093506
3.7 3.2951207160949707
3.8000000000000003 3.3413233757019043
3.9000000000000004 3.380059242248535
4.0 3.4086923599243164
4.1 3.430790424346924
4.2 3.4487133026123047
4.300000000000001 3.4628472328186035
4.4 3.4781970977783203
4.5 3.4993042945861816
4.6000000000000005 3.5052990913391113
4.7 3.5108938217163086
4.8 3.513166904449463
4.9 3.5163493156433105
5.0 3.520083427429199
5.1000000000000005 3.5247254371643066
5.2 3.5278754234313965
5.300000000000001 3.5297493934631348
5.4 3.532318115234375
5.5 3.537158489227295
5.6000000000000005 3.5444164276123047
5.7 3.554311752319336
5.800000000000001 3.56661319732666
5.9 3.5802206993103027
6.0 3.593104362487793
