0.5 11.850198745727539
0.6 9.1235933303833
0.7 6.8375468254089355
0.8 5.031686305999756
0.9 3.687490463256836
1.0 2.6027543544769287
1.1 1.6567158699035645
1.2000000000000002 0.9829850792884827
1.3 0.6766918301582336
1.4 0.5523150563240051
1.5 0.5119137167930603
1.6 0.5090475678443909
1.7000000000000002 0.542105495929718
1.8 0.6192476153373718
1.9000000000000001 0.6971949934959412
2.0 0.7359042763710022
2.1 0.7426008582115173
2.2 0.7320440411567688
2.3 0.7300164103507996
2.4000000000000004 0.7360953688621521
2.5 0.7575919032096863
2.6 0.7748852372169495
2.7 0.7927810549736023
2.8000000000000003 0.8216615319252014
2.9000000000000004 0.8625667691230774
3.0 0.911501944065094
3.1 0.9563308358192444
3.2 0.9994267821311951
3.3000000000000003 1.0443036556243896
3.4000000000000004 1.0921721458435059
3.5 1.1394383907318115
3.6 1.1683952808380127
3.7 1.1858129501342773
3.8000000000000003 1.204878807067871
3.9000000000000004 1.2189486026763916
4.0 1.23673415184021
4.1 1.2538650035858154
4.2 1.272367238998413
4.300000000000001 1.2959256172180176
4.4 1.3197662830352783
4.5 1.3451414108276367
4.6000000000000005 1.3723416328430176
4.7 1.405667781829834
4.8 1.4367749691009521
4.9 1.4566340446472168
5.0 1.4798789024353027
5.1000000000000005 1.5091867446899414
5.2 1.5395750999450684
5.300000000000001 1.572474479675293
5.4 1.608762264251709
5.5 1.648076057434082
5.6000000000000005 1.6901254653930664
5.7 1.7353715896606445
5.800000000000001 1.7393066883087158
5.9 1.7393066883087158
6.0 1.7393066883087158
