0.5 24.062362670898438
0.6 30.61163902282715
0.7 30.448091506958008
0.8 32.75645446777344
0.9 29.650434494018555
1.0 28.656755447387695
1.1 28.890220642089844
1.2000000000000002 27.957490921020508
1.3 26.33415985107422
1.4 23.11935043334961
1.5 18.261079788208008
1.6 13.51609992980957
1.7000000000000002 9.63881778717041
1.8 6.585154056549072
1.9000000000000001 4.250965118408203
2.0 2.4367876052856445
2.1 1.2564494609832764
2.2 0.8001599907875061
2.3 0.6994190812110901
2.4000000000000004 0.6901480555534363
2.5 0.7172698378562927
2.6 0.7615955471992493
2.7 0.8094045519828796
2.8000000000000003 0.8552187085151672
2.9000000000000004 0.8989042639732361
3.0 0.9432314038276672
3.1 0.9911268353462219
3.2 1.0478546619415283
3.3000000000000003 1.1203601360321045
3.4000000000000004 1.1974616050720215
3.5 1.2696278095245361
3.6 1.3321201801300049
3.7 1.3868017196655273
3.8000000000000003 1.4399118423461914
3.9000000000000004 1.4827079772949219
4.0 1.520251989364624
4.1 1.5549588203430176
4.2 1.589566707611084
4.300000000000001 1.6257727146148682
4.4 1.666060447692871
4.5 1.6780734062194824
4.6000000000000005 1.6827082633972168
4.7 1.6905555725097656
4.8 1.696382761001587
4.9 1.7079825401306152
5.0 1.7251317501068115
5.1000000000000005 1.7449917793273926
5.2 1.7681925296783447
5.300000000000001 1.79288911819458
5.4 1.8144569396972656
5.5 1.8257482051849365
5.6000000000000005 1.8403797149658203
5.7 1.8579521179199219
5.800000000000001 1.8778502941131592
5.9 1.8987176418304443
6.0 1.9175477027893066
