0.5 12.397923469543457
0.6 9.484251022338867
0.7 6.981217861175537
0.8 4.985834121704102
0.9 3.5208520889282227
1.0 2.475252151489258
1.1 1.5842511653900146
1.2000000000000002 0.8915202021598816
1.3 0.5637245774269104
1.4 0.4687495827674866
1.5 0.45530611276626587
1.6 0.4777827858924866
1.7000000000000002 0.5435371994972229
1.8 0.6436253190040588
1.9000000000000001 0.7153075337409973
2.0 0.7430291771888733
2.1 0.74490886926651
2.2 0.7437271475791931
2.3 0.7566379904747009
2.4000000000000004 0.8006780743598938
2.5 0.868463933467865
2.6 0.9273013472557068
2.7 0.9830716252326965
2.8000000000000003 1.044651746749878
2.9000000000000004 1.1086008548736572
3.0 1.1749882698059082
3.1 1.2263259887695312
3.2 1.2683300971984863
3.3000000000000003 1.2898235321044922
3.4000000000000004 1.285651683807373
3.5 1.256209135055542
3.6 1.2706780433654785
3.7 1.2700109481811523
3.8000000000000003 1.268237590789795
3.9000000000000004 1.267669916152954
4.0 1.2772400379180908
4.1 1.2858319282531738
4.2 1.298522710800171
4.300000000000001 1.312741994857788
4.4 1.3322436809539795
4.5 1.3729472160339355
4.6000000000000005 1.4113211631774902
4.7 1.4484684467315674
4.8 1.4780223369598389
4.9 1.498887300491333
5.0 1.5221383571624756
5.1000000000000005 1.5520799160003662
5.2 1.5835189819335938
5.300000000000001 1.6162691116333008
5.4 1.651810884475708
5.5 1.6929528713226318
5.6000000000000005 1.7371728420257568
5.7 1.7772912979125977
5.800000000000001 1.7900540828704834
5.9 1.8020894527435303
6.0 1.8165531158447266
