0.5 13.204968452453613
0.6 31.769174575805664
0.7 25.784177780151367
0.8 27.218463897705078
0.9 24.077444076538086
1.0 23.088918685913086
1.1 22.857101440429688
1.2000000000000002 21.9459285736084
1.3 19.914663314819336
1.4 15.994512557983398
1.5 12.037796020507812
1.6 8.815129280090332
1.7000000000000002 6.143635272979736
1.8 3.779599189758301
1.9000000000000001 2.1143453121185303
2.0 1.1038508415222168
2.1 0.7803005576133728
2.2 0.7070956826210022
2.3 0.6679471135139465
2.4000000000000004 0.6757507920265198
2.5 0.726369321346283
2.6 0.7834493517875671
2.7 0.8252480626106262
2.8000000000000003 0.8540546298027039
2.9000000000000004 0.8787356019020081
3.0 0.8903587460517883
3.1 0.9109589457511902
3.2 0.9280551075935364
3.3000000000000003 0.9650785326957703
3.4000000000000004 1.005066156387329
3.5 1.0431511402130127
3.6 1.0651769638061523
3.7 1.0841872692108154
3.8000000000000003 1.0880773067474365
3.9000000000000004 1.0835294723510742
4.0 1.0552163124084473
4.1 1.016434907913208
4.2 1.0127966403961182
4.300000000000001 1.0388357639312744
4.4 1.081507682800293
4.5 1.1265029907226562
4.6000000000000005 1.179675817489624
4.7 1.23429274559021
4.8 1.2941253185272217
4.9 1.3609533309936523
5.0 1.4349374771118164
5.1000000000000005 1.5107629299163818
5.2 1.528395414352417
5.300000000000001 1.5442349910736084
5.4 1.5619032382965088
5.5 1.5798633098602295
5.6000000000000005 1.5976624488830566
5.7 1.6149804592132568
5.800000000000001 1.63242769241333
5.9 1.6500520706176758
6.0 1.6658227443695068
