0.5 11.580100059509277
0.6 11.31891918182373
0.7 10.969252586364746
0.8 10.545040130615234
0.9 10.032687187194824
1.0 9.4585542678833
1.1 8.847932815551758
1.2000000000000002 8.225744247436523
1.3 7.598846912384033
1.4 6.918490409851074
1.5 6.167118549346924
1.6 5.381424427032471
1.7000000000000002 4.616359233856201
1.8 3.9208502769470215
1.9000000000000001 3.3070201873779297
2.0 2.735722064971924
2.1 2.2139830589294434
2.2 1.7627253532409668
2.3 1.3997268676757812
2.4000000000000004 1.1403343677520752
2.5 0.9957088828086853
2.6 0.9261286854743958
2.7 0.8959667086601257
2.8000000000000003 0.8884555697441101
2.9000000000000004 0.8944595456123352
3.0 0.904475748538971
3.1 0.9181365370750427
3.2 0.9500853419303894
3.3000000000000003 0.9948232769966125
3.4000000000000004 1.0397720336914062
3.5 1.0805940628051758
3.6 1.1019179821014404
3.7 1.110583782196045
3.8000000000000003 1.1149547100067139
3.9000000000000004 1.1061291694641113
4.0 1.1016018390655518
4.1 1.1000521183013916
4.2 1.1617748737335205
4.300000000000001 1.229421615600586
4.4 1.2916088104248047
4.5 1.3509624004364014
4.6000000000000005 1.4038820266723633
4.7 1.452078104019165
4.8 1.4917941093444824
4.9 1.5209059715270996
5.0 1.547724723815918
5.1000000000000005 1.5778536796569824
5.2 1.605381727218628
5.300000000000001 1.631986141204834
5.4 1.6603035926818848
5.5 1.693476915359497
5.6000000000000005 1.730853796005249
5.7 1.760730266571045
5.800000000000001 1.7641270160675049
5.9 1.7708852291107178
6.0 1.7784836292266846
