0.5 14.262928009033203
0.6 11.177364349365234
0.7 8.49542236328125
0.8 6.291913986206055
0.9 4.552804470062256
1.0 3.247725486755371
1.1 2.1467413902282715
1.2000000000000002 1.2581615447998047
1.3 0.7292535901069641
1.4 0.5436715483665466
1.5 0.4969267249107361
1.6 0.5027394890785217
1.7000000000000002 0.5373520255088806
1.8 0.6009473204612732
1.9000000000000001 0.6647608876228333
2.0 0.6981380581855774
2.1 0.7040134072303772
2.2 0.7045252919197083
2.3 0.7172078490257263
2.4000000000000004 0.7620449662208557
2.5 0.8371661305427551
2.6 0.9129535555839539
2.7 0.9838271737098694
2.8000000000000003 1.061152458190918
2.9000000000000004 1.135662317276001
3.0 1.213301420211792
3.1 1.2738513946533203
3.2 1.3229148387908936
3.3000000000000003 1.3502988815307617
3.4000000000000004 1.3508572578430176
3.5 1.3151476383209229
3.6 1.3295392990112305
3.7 1.326451063156128
3.8000000000000003 1.318321704864502
3.9000000000000004 1.3102893829345703
4.0 1.3119430541992188
4.1 1.3157429695129395
4.2 1.3223309516906738
4.300000000000001 1.3291904926300049
4.4 1.3412954807281494
4.5 1.3743162155151367
4.6000000000000005 1.404200553894043
4.7 1.4341440200805664
4.8 1.4575135707855225
4.9 1.471717357635498
5.0 1.4852099418640137
5.1000000000000005 1.5061955451965332
5.2 1.530494213104248
5.300000000000001 1.556046724319458
5.4 1.5854401588439941
5.5 1.6194920539855957
5.6000000000000005 1.6601197719573975
5.7 1.7013399600982666
5.800000000000001 1.725527286529541
5.9 1.7469727993011475
6.0 1.7727558612823486
