0.5 9.90976619720459
0.6 7.400717258453369
0.7 5.383890151977539
0.8 3.8951573371887207
0.9 2.803229808807373
1.0 1.863185167312622
1.1 1.0685429573059082
1.2000000000000002 0.5416534543037415
1.3 0.30852025747299194
1.4 0.2179499864578247
1.5 0.18789654970169067
1.6 0.1928505301475525
1.7000000000000002 0.2463645339012146
1.8 0.338032066822052
1.9000000000000001 0.4108423590660095
2.0 0.4436653256416321
2.1 0.4451228976249695
2.2 0.4373384118080139
2.3 0.43477755784988403
2.4000000000000004 0.4461377263069153
2.5 0.46786826848983765
2.6 0.4832865595817566
2.7 0.510269820690155
2.8000000000000003 0.5471802353858948
2.9000000000000004 0.5901079773902893
3.0 0.6344043612480164
3.1 0.6727909445762634
3.2 0.7124324440956116
3.3000000000000003 0.7516047358512878
3.4000000000000004 0.794186532497406
3.5 0.8239313960075378
3.6 0.8345184922218323
3.7 0.8438848853111267
3.8000000000000003 0.8558304905891418
3.9000000000000004 0.8691104054450989
4.0 0.8837061524391174
4.1 0.8971717953681946
4.2 0.913354218006134
4.300000000000001 0.9317442774772644
4.4 0.9491042494773865
4.5 0.9696032404899597
4.6000000000000005 0.994733989238739
4.7 1.0241641998291016
4.8 1.0499866008758545
4.9 1.06711745262146
5.0 1.0884559154510498
5.1000000000000005 1.1150455474853516
5.2 1.1441338062286377
5.300000000000001 1.1764280796051025
5.4 1.2133333683013916
5.5 1.2551441192626953
5.6000000000000005 1.3001737594604492
5.7 1.3336420059204102
5.800000000000001 1.3464462757110596
5.9 1.358656883239746
6.0 1.3726718425750732
