0.5 21.421449661254883
0.6 26.21101188659668
0.7 29.757619857788086
0.8 34.63035583496094
0.9 34.22117233276367
1.0 34.486785888671875
1.1 34.8424072265625
1.2000000000000002 34.54896926879883
1.3 32.93213653564453
1.4 31.467844009399414
1.5 28.800146102905273
1.6 25.711902618408203
1.7000000000000002 23.0224609375
1.8 20.117416381835938
1.9000000000000001 17.134340286254883
2.0 14.224593162536621
2.1 11.330657005310059
2.2 8.655580520629883
2.3 6.4411187171936035
2.4000000000000004 4.719590187072754
2.5 3.4646058082580566
2.6 2.4685699939727783
2.7 1.554666519165039
2.8000000000000003 0.8644044995307922
2.9000000000000004 0.478132426738739
3.0 0.3188691735267639
3.1 0.25516849756240845
3.2 0.24032193422317505
3.3000000000000003 0.2606866955757141
3.4000000000000004 0.3165317177772522
3.5 0.37472444772720337
3.6 0.40601974725723267
3.7 0.4084780812263489
3.8000000000000003 0.4020611643791199
3.9000000000000004 0.3967410922050476
4.0 0.4081621766090393
4.1 0.4341652989387512
4.2 0.4653084874153137
4.300000000000001 0.501459538936615
4.4 0.5475831627845764
4.5 0.599674642086029
4.6000000000000005 0.6539974808692932
4.7 0.7059380412101746
4.8 0.7578849196434021
4.9 0.8086089491844177
5.0 0.8613682389259338
5.1000000000000005 0.9026874899864197
5.2 0.9120064377784729
5.300000000000001 0.9140023589134216
5.4 0.9199152588844299
5.5 0.92800372838974
5.6000000000000005 0.9399788975715637
5.7 0.9512873291969299
5.800000000000001 0.9648206830024719
5.9 0.9800518155097961
6.0 0.9959937930107117
