0.5 11.232544898986816
0.6 8.53444766998291
0.7 6.325170040130615
0.8 4.643067359924316
0.9 3.4240665435791016
1.0 2.4111547470092773
1.1 1.5132765769958496
1.2000000000000002 0.8788700699806213
1.3 0.5804049372673035
1.4 0.46895831823349
1.5 0.43440860509872437
1.6 0.43174153566360474
1.7000000000000002 0.458234965801239
1.8 0.5202992558479309
1.9000000000000001 0.5841695666313171
2.0 0.6174644827842712
2.1 0.6232231259346008
2.2 0.6181656718254089
2.3 0.6133257746696472
2.4000000000000004 0.6196003556251526
2.5 0.6374277472496033
2.6 0.655960738658905
2.7 0.681373655796051
2.8000000000000003 0.7167779803276062
2.9000000000000004 0.7600896954536438
3.0 0.8062737584114075
3.1 0.8496219515800476
3.2 0.8954293131828308
3.3000000000000003 0.943200409412384
3.4000000000000004 0.9990419745445251
3.5 1.0480854511260986
3.6 1.0684826374053955
3.7 1.0790584087371826
3.8000000000000003 1.0936579704284668
3.9000000000000004 1.1090450286865234
4.0 1.1263806819915771
4.1 1.1404237747192383
4.2 1.1557612419128418
4.300000000000001 1.174800157546997
4.4 1.1927604675292969
4.5 1.2107360363006592
4.6000000000000005 1.231597900390625
4.7 1.257237195968628
4.8 1.278649091720581
4.9 1.2951605319976807
5.0 1.3158116340637207
5.1000000000000005 1.3418262004852295
5.2 1.3705341815948486
5.300000000000001 1.4021117687225342
5.4 1.4384019374847412
5.5 1.479578971862793
5.6000000000000005 1.5246877670288086
5.7 1.5665321350097656
5.800000000000001 1.579314947128296
5.9 1.5908973217010498
6.0 1.6039726734161377
