0.5 12.701010704040527
0.6 9.746633529663086
0.7 7.186436653137207
0.8 5.065727233886719
0.9 3.470911979675293
1.0 2.3397927284240723
1.1 1.4399158954620361
1.2000000000000002 0.7504206299781799
1.3 0.40559035539627075
1.4 0.2945271134376526
1.5 0.2750658392906189
1.6 0.3029870390892029
1.7000000000000002 0.40081197023391724
1.8 0.5353531241416931
1.9000000000000001 0.6265985369682312
2.0 0.6584205031394958
2.1 0.6646813750267029
2.2 0.6605570912361145
2.3 0.6743473410606384
2.4000000000000004 0.7188854813575745
2.5 0.790644109249115
2.6 0.8553674817085266
2.7 0.9016790986061096
2.8000000000000003 0.9512342810630798
2.9000000000000004 1.0121500492095947
3.0 1.0816855430603027
3.1 1.1348025798797607
3.2 1.1733970642089844
3.3000000000000003 1.1948418617248535
3.4000000000000004 1.1855251789093018
3.5 1.1328520774841309
3.6 1.128523826599121
3.7 1.1303400993347168
3.8000000000000003 1.1223242282867432
3.9000000000000004 1.11214017868042
4.0 1.1152064800262451
4.1 1.123060941696167
4.2 1.1386384963989258
4.300000000000001 1.1548771858215332
4.4 1.1705143451690674
4.5 1.2174506187438965
4.6000000000000005 1.261326551437378
4.7 1.3080410957336426
4.8 1.3472189903259277
4.9 1.3721859455108643
5.0 1.3982107639312744
5.1000000000000005 1.4316017627716064
5.2 1.465538501739502
5.300000000000001 1.502220630645752
5.4 1.5406579971313477
5.5 1.5821318626403809
5.6000000000000005 1.6268227100372314
5.7 1.6752054691314697
5.800000000000001 1.678844690322876
5.9 1.678844690322876
6.0 1.678844690322876
