0.5 10.851539611816406
0.6 8.213027000427246
0.7 6.05727481842041
0.8 4.3963422775268555
0.9 3.1851131916046143
1.0 2.187243938446045
1.1 1.3033089637756348
1.2000000000000002 0.6840878129005432
1.3 0.38683968782424927
1.4 0.27157753705978394
1.5 0.23248648643493652
1.6 0.2297554612159729
1.7000000000000002 0.2618182301521301
1.8 0.32966703176498413
1.9000000000000001 0.39316242933273315
2.0 0.4245416522026062
2.1 0.4281570315361023
2.2 0.42211681604385376
2.3 0.4176737666130066
2.4000000000000004 0.42746466398239136
2.5 0.44994741678237915
2.6 0.47263556718826294
2.7 0.5043496489524841
2.8000000000000003 0.5456797480583191
2.9000000000000004 0.5945397019386292
3.0 0.6458931565284729
3.1 0.6922509074211121
3.2 0.7409660220146179
3.3000000000000003 0.7894429564476013
3.4000000000000004 0.8384856581687927
3.5 0.8765818476676941
3.6 0.8904855847358704
3.7 0.8965535759925842
3.8000000000000003 0.9077528119087219
3.9000000000000004 0.9208828806877136
4.0 0.9366838335990906
4.1 0.9486872553825378
4.2 0.9622487425804138
4.300000000000001 0.9781420826911926
4.4 0.9930278658866882
4.5 1.0116279125213623
4.6000000000000005 1.034003496170044
4.7 1.0602178573608398
4.8 1.077657699584961
4.9 1.0926129817962646
5.0 1.1132502555847168
5.1000000000000005 1.1395580768585205
5.2 1.169198989868164
5.300000000000001 1.202415943145752
5.4 1.241952657699585
5.5 1.2860326766967773
5.6000000000000005 1.3351025581359863
5.7 1.3782360553741455
5.800000000000001 1.392638921737671
5.9 1.4047982692718506
6.0 1.4180359840393066
