0.5 19.88410186767578
0.6 25.47600555419922
0.7 25.04550552368164
0.8 26.784929275512695
0.9 24.139719009399414
1.0 23.39885711669922
1.1 23.59299659729004
1.2000000000000002 22.738195419311523
1.3 21.392337799072266
1.4 18.907556533813477
1.5 14.80994987487793
1.6 10.837775230407715
1.7000000000000002 7.8131184577941895
1.8 5.375479221343994
1.9000000000000001 3.3667654991149902
2.0 1.8171896934509277
2.1 0.8834745287895203
2.2 0.5290672183036804
2.3 0.4209586977958679
2.4000000000000004 0.3916780352592468
2.5 0.3993353247642517
2.6 0.4275333285331726
2.7 0.46477383375167847
2.8000000000000003 0.5053642392158508
2.9000000000000004 0.5465256571769714
3.0 0.5922442078590393
3.1 0.6430076956748962
3.2 0.6995356678962708
3.3000000000000003 0.7627313733100891
3.4000000000000004 0.8264079689979553
3.5 0.8901497721672058
3.6 0.9412080645561218
3.7 0.988659679889679
3.8000000000000003 1.0336816310882568
3.9000000000000004 1.0703787803649902
4.0 1.1035363674163818
4.1 1.1375563144683838
4.2 1.1734652519226074
4.300000000000001 1.2114901542663574
4.4 1.248570203781128
4.5 1.2506721019744873
4.6000000000000005 1.25584077835083
4.7 1.2652573585510254
4.8 1.2741928100585938
4.9 1.2870748043060303
5.0 1.3042302131652832
5.1000000000000005 1.3243334293365479
5.2 1.3465657234191895
5.300000000000001 1.3643765449523926
5.4 1.3738515377044678
5.5 1.3854882717132568
5.6000000000000005 1.3990881443023682
5.7 1.4148471355438232
5.800000000000001 1.4324874877929688
5.9 1.4511044025421143
6.0 1.4678962230682373
