0.5 11.44248104095459
0.6 8.734539985656738
0.7 6.473849773406982
0.8 4.689751148223877
0.9 3.366361618041992
1.0 2.3107447624206543
1.1 1.3939051628112793
1.2000000000000002 0.7469692826271057
1.3 0.4358789324760437
1.4 0.3097148537635803
1.5 0.26587623357772827
1.6 0.26051241159439087
1.7000000000000002 0.29654914140701294
1.8 0.3821057677268982
1.9000000000000001 0.46553486585617065
2.0 0.5061543583869934
2.1 0.5125055909156799
2.2 0.4996369481086731
2.3 0.49388331174850464
2.4000000000000004 0.49785083532333374
2.5 0.5178621411323547
2.6 0.5343264937400818
2.7 0.5499723553657532
2.8000000000000003 0.577333390712738
2.9000000000000004 0.6176242232322693
3.0 0.6660374999046326
3.1 0.7096382975578308
3.2 0.7505119442939758
3.3000000000000003 0.7925211787223816
3.4000000000000004 0.8369709849357605
3.5 0.8800100684165955
3.6 0.9077827334403992
3.7 0.9252162575721741
3.8000000000000003 0.9438461661338806
3.9000000000000004 0.9574477076530457
4.0 0.9746974110603333
4.1 0.9913192391395569
4.2 1.0091288089752197
4.300000000000001 1.031893014907837
4.4 1.0549116134643555
4.5 1.0804212093353271
4.6000000000000005 1.1081016063690186
4.7 1.1418647766113281
4.8 1.173144817352295
4.9 1.1931908130645752
5.0 1.2164011001586914
5.1000000000000005 1.2457003593444824
5.2 1.2763950824737549
5.300000000000001 1.3096864223480225
5.4 1.3464748859405518
5.5 1.3864259719848633
5.6000000000000005 1.4292662143707275
5.7 1.475597620010376
5.800000000000001 1.4803330898284912
5.9 1.4803330898284912
6.0 1.4803330898284912
