0.5 10.67537784576416
0.6 8.143418312072754
0.7 6.095111846923828
0.8 4.540182113647461
0.9 3.393608570098877
1.0 2.392303228378296
1.1 1.5109350681304932
1.2000000000000002 0.91592937707901
1.3 0.6418735384941101
1.4 0.5315093398094177
1.5 0.4944348931312561
1.6 0.49513667821884155
1.7000000000000002 0.5280664563179016
1.8 0.5842754244804382
1.9000000000000001 0.6307592988014221
2.0 0.6497196555137634
2.1 0.646386444568634
2.2 0.6415949463844299
2.3 0.6453883051872253
2.4000000000000004 0.6649244427680969
2.5 0.6957624554634094
2.6 0.7277423739433289
2.7 0.7690276503562927
2.8000000000000003 0.8172617554664612
2.9000000000000004 0.8705037236213684
3.0 0.924448549747467
3.1 0.9755523800849915
3.2 1.0286507606506348
3.3000000000000003 1.0832672119140625
3.4000000000000004 1.1361541748046875
3.5 1.1645729541778564
3.6 1.1700975894927979
3.7 1.1727559566497803
3.8000000000000003 1.1803672313690186
3.9000000000000004 1.1912665367126465
4.0 1.2033312320709229
4.1 1.2164716720581055
4.2 1.2313072681427002
4.300000000000001 1.2474150657653809
4.4 1.2650401592254639
4.5 1.2853751182556152
4.6000000000000005 1.3111579418182373
4.7 1.3360862731933594
4.8 1.3506083488464355
4.9 1.368377685546875
5.0 1.3917527198791504
5.1000000000000005 1.4194800853729248
5.2 1.4505376815795898
5.300000000000001 1.4857916831970215
5.4 1.525420904159546
5.5 1.5700273513793945
5.6000000000000005 1.6202473640441895
5.7 1.6559827327728271
5.800000000000001 1.672628402709961
5.9 1.6860911846160889
6.0 1.70109224319458
