0.5 14.322834014892578
0.6 11.14124584197998
0.7 8.398392677307129
0.8 6.135572910308838
0.9 4.38303279876709
1.0 3.1009230613708496
1.1 2.127267837524414
1.2000000000000002 1.3029234409332275
1.3 0.6517439484596252
1.4 0.3543514609336853
1.5 0.24587780237197876
1.6 0.2110322117805481
1.7000000000000002 0.20063728094100952
1.8 0.2022532820701599
1.9000000000000001 0.20057684183120728
2.0 0.18793070316314697
2.1 0.17016857862472534
2.2 0.1534583568572998
2.3 0.1586395502090454
2.4000000000000004 0.18657910823822021
2.5 0.23372435569763184
2.6 0.27629679441452026
2.7 0.30129343271255493
2.8000000000000003 0.3209567666053772
2.9000000000000004 0.3400488495826721
3.0 0.35722118616104126
3.1 0.3747134804725647
3.2 0.39648836851119995
3.3000000000000003 0.420185387134552
3.4000000000000004 0.44751912355422974
3.5 0.46068495512008667
3.6 0.45911353826522827
3.7 0.45174235105514526
3.8000000000000003 0.4497207999229431
3.9000000000000004 0.45107489824295044
4.0 0.4658728241920471
4.1 0.48637503385543823
4.2 0.5089510083198547
4.300000000000001 0.531557023525238
4.4 0.556126058101654
4.5 0.5873717665672302
4.6000000000000005 0.6151780486106873
4.7 0.6456602215766907
4.8 0.6677703261375427
4.9 0.6831641793251038
5.0 0.6999461054801941
5.1000000000000005 0.7218298316001892
5.2 0.7476270794868469
5.300000000000001 0.7771047949790955
5.4 0.8091674447059631
5.5 0.8458114266395569
5.6000000000000005 0.8867421746253967
5.7 0.9313239455223083
5.800000000000001 0.9339619278907776
5.9 0.9339619278907776
6.0 0.9339619278907776
