0.5 9.322851181030273
0.6 8.292314529418945
0.7 7.050557613372803
0.8 5.6232452392578125
0.9 4.211189270019531
1.0 3.0914101600646973
1.1 2.227269172668457
1.2000000000000002 1.4849402904510498
1.3 0.9355741143226624
1.4 0.6763128638267517
1.5 0.5955614447593689
1.6 0.5846478343009949
1.7000000000000002 0.5906134247779846
1.8 0.6034570336341858
1.9000000000000001 0.6203476786613464
2.0 0.64117830991745
2.1 0.6799327731132507
2.2 0.7292606234550476
2.3 0.7963762879371643
2.4000000000000004 0.8747280240058899
2.5 0.9663074612617493
2.6 1.047004222869873
2.7 1.1057202816009521
2.8000000000000003 1.149918794631958
2.9000000000000004 1.2069072723388672
3.0 1.2672114372253418
3.1 1.3238654136657715
3.2 1.3770627975463867
3.3000000000000003 1.43070650100708
3.4000000000000004 1.4724552631378174
3.5 1.49147367477417
3.6 1.4894213676452637
3.7 1.453057050704956
3.8000000000000003 1.4093067646026611
3.9000000000000004 1.3543522357940674
4.0 1.3072702884674072
4.1 1.2648608684539795
4.2 1.2880663871765137
4.300000000000001 1.340207576751709
4.4 1.391402006149292
4.5 1.4466800689697266
4.6000000000000005 1.4955940246582031
4.7 1.5471622943878174
4.8 1.5908198356628418
4.9 1.619401216506958
5.0 1.6490182876586914
5.1000000000000005 1.686255693435669
5.2 1.7232317924499512
5.300000000000001 1.76246976852417
5.4 1.8026292324066162
5.5 1.8454172611236572
5.6000000000000005 1.890751600265503
5.7 1.938861608505249
5.800000000000001 1.941967248916626
5.9 1.941967248916626
6.0 1.941967248916626
