0.5 13.39102840423584
0.6 10.390398025512695
0.7 7.731863498687744
0.8 5.517220497131348
0.9 3.830383777618408
1.0 2.665158748626709
1.1 1.762770175933838
1.2000000000000002 1.0036845207214355
1.3 0.49750572443008423
1.4 0.306440532207489
1.5 0.25706928968429565
1.6 0.26297396421432495
1.7000000000000002 0.3196222186088562
1.8 0.4257037043571472
1.9000000000000001 0.5153842568397522
2.0 0.5546463131904602
2.1 0.5599067807197571
2.2 0.5505501627922058
2.3 0.5530723929405212
2.4000000000000004 0.5875291228294373
2.5 0.6544657349586487
2.6 0.7311864495277405
2.7 0.7904202342033386
2.8000000000000003 0.853074848651886
2.9000000000000004 0.9186432957649231
3.0 0.9867081046104431
3.1 1.0454866886138916
3.2 1.0903401374816895
3.3000000000000003 1.1180016994476318
3.4000000000000004 1.1225526332855225
3.5 1.0854253768920898
3.6 1.0776495933532715
3.7 1.072587490081787
3.8000000000000003 1.0599372386932373
3.9000000000000004 1.047044038772583
4.0 1.044806718826294
4.1 1.047431468963623
4.2 1.0578651428222656
4.300000000000001 1.0704145431518555
4.4 1.0827481746673584
4.5 1.1199331283569336
4.6000000000000005 1.162177324295044
4.7 1.2037198543548584
4.8 1.2399160861968994
4.9 1.2630465030670166
5.0 1.2849950790405273
5.1000000000000005 1.3136448860168457
5.2 1.345876693725586
5.300000000000001 1.3789474964141846
5.4 1.4133737087249756
5.5 1.453697919845581
5.6000000000000005 1.49684476852417
5.7 1.5458440780639648
5.800000000000001 1.568965196609497
5.9 1.581104040145874
6.0 1.5957715511322021
