0.5 10.162217140197754
0.6 7.6872735023498535
0.7 5.697940349578857
0.8 4.213597297668457
0.9 3.102343797683716
1.0 2.1167895793914795
1.1 1.2949376106262207
1.2000000000000002 0.7679889798164368
1.3 0.5466853976249695
1.4 0.46172982454299927
1.5 0.4352496266365051
1.6 0.4413861632347107
1.7000000000000002 0.48476964235305786
1.8 0.5534929633140564
1.9000000000000001 0.6068630814552307
2.0 0.6293310523033142
2.1 0.6295012831687927
2.2 0.6248696446418762
2.3 0.629148542881012
2.4000000000000004 0.6476196646690369
2.5 0.6745583415031433
2.6 0.7011817097663879
2.7 0.7388655543327332
2.8000000000000003 0.7835138440132141
2.9000000000000004 0.8340523838996887
3.0 0.8848411440849304
3.1 0.9316125512123108
3.2 0.9797666668891907
3.3000000000000003 1.027066707611084
3.4000000000000004 1.0751781463623047
3.5 1.0985610485076904
3.6 1.1082525253295898
3.7 1.114976406097412
3.8000000000000003 1.1264936923980713
3.9000000000000004 1.1404292583465576
4.0 1.1560182571411133
4.1 1.1700260639190674
4.2 1.18513822555542
4.300000000000001 1.2007508277893066
4.4 1.2185053825378418
4.5 1.2385339736938477
4.6000000000000005 1.263554334640503
4.7 1.290621042251587
4.8 1.306161642074585
4.9 1.3229296207427979
5.0 1.345552682876587
5.1000000000000005 1.3719501495361328
5.2 1.4016823768615723
5.300000000000001 1.4358065128326416
5.4 1.4744517803192139
5.5 1.5176727771759033
5.6000000000000005 1.566460132598877
5.7 1.5982210636138916
5.800000000000001 1.613351583480835
5.9 1.6266765594482422
6.0 1.6414406299591064
