0.5 42.71607971191406
0.6 39.03713607788086
0.7 34.42778778076172
0.8 29.21494483947754
0.9 23.848127365112305
1.0 18.921850204467773
1.1 14.797410011291504
1.2000000000000002 11.517123222351074
1.3 8.685711860656738
1.4 6.085395336151123
1.5 3.7785258293151855
1.6 2.020429849624634
1.7000000000000002 1.0667140483856201
1.8 0.6757349371910095
1.9000000000000001 0.5165558457374573
2.0 0.4473797678947449
2.1 0.4242091774940491
2.2 0.42695873975753784
2.3 0.44642049074172974
2.4000000000000004 0.4741320013999939
2.5 0.504777729511261
2.6 0.5423446297645569
2.7 0.5914118885993958
2.8000000000000003 0.6521835923194885
2.9000000000000004 0.7302846312522888
3.0 0.8118712306022644
3.1 0.8982405066490173
3.2 0.9838257431983948
3.3000000000000003 1.0626044273376465
3.4000000000000004 1.1341183185577393
3.5 1.2008655071258545
3.6 1.2588965892791748
3.7 1.3068604469299316
3.8000000000000003 1.3331446647644043
3.9000000000000004 1.3583548069000244
4.0 1.380345344543457
4.1 1.4024486541748047
4.2 1.4179131984710693
4.300000000000001 1.4226679801940918
4.4 1.4325037002563477
4.5 1.4468083381652832
4.6000000000000005 1.4536585807800293
4.7 1.4567866325378418
4.8 1.46482515335083
4.9 1.4758446216583252
5.0 1.4894652366638184
5.1000000000000005 1.5050511360168457
5.2 1.5221362113952637
5.300000000000001 1.542905330657959
5.4 1.5673344135284424
5.5 1.5961623191833496
5.6000000000000005 1.6289093494415283
5.7 1.6644797325134277
5.800000000000001 1.7025525569915771
5.9 1.7077274322509766
6.0 1.7077274322509766
