0.5 19.687345504760742
0.6 25.28035545349121
0.7 24.983436584472656
0.8 26.749685287475586
0.9 24.07120132446289
1.0 23.285724639892578
1.1 23.505943298339844
1.2000000000000002 22.72787094116211
1.3 21.476808547973633
1.4 19.03819465637207
1.5 14.963839530944824
1.6 10.963024139404297
1.7000000000000002 7.882400989532471
1.8 5.393914699554443
1.9000000000000001 3.364701747894287
2.0 1.8080477714538574
2.1 0.8482583165168762
2.2 0.4730307459831238
2.3 0.36180514097213745
2.4000000000000004 0.3316667675971985
2.5 0.33857232332229614
2.6 0.3668591380119324
2.7 0.4052274823188782
2.8000000000000003 0.4458550810813904
2.9000000000000004 0.4863669276237488
3.0 0.531903088092804
3.1 0.5832070708274841
3.2 0.6390435099601746
3.3000000000000003 0.6993541121482849
3.4000000000000004 0.7645298838615417
3.5 0.8260210156440735
3.6 0.8778116106987
3.7 0.9243020415306091
3.8000000000000003 0.9701249003410339
3.9000000000000004 1.0078110694885254
4.0 1.0404605865478516
4.1 1.0730299949645996
4.2 1.1072664260864258
4.300000000000001 1.1437578201293945
4.4 1.1842761039733887
4.5 1.197831153869629
4.6000000000000005 1.2041621208190918
4.7 1.2142930030822754
4.8 1.2238802909851074
4.9 1.2370667457580566
5.0 1.2549891471862793
5.1000000000000005 1.2757682800292969
5.2 1.299048662185669
5.300000000000001 1.3241517543792725
5.4 1.3445584774017334
5.5 1.3563191890716553
5.6000000000000005 1.3700802326202393
5.7 1.3859789371490479
5.800000000000001 1.4037940502166748
5.9 1.4225833415985107
6.0 1.4396662712097168
