0.5 19.09483528137207
0.6 25.583955764770508
0.7 24.34490203857422
0.8 25.998035430908203
0.9 23.107860565185547
1.0 22.313140869140625
1.1 22.466339111328125
1.2000000000000002 21.578567504882812
1.3 20.54218864440918
1.4 18.402851104736328
1.5 14.818939208984375
1.6 11.309656143188477
1.7000000000000002 8.41574764251709
1.8 5.9123663902282715
1.9000000000000001 3.8510828018188477
2.0 2.257254123687744
2.1 1.3603858947753906
2.2 1.0316722393035889
2.3 0.93672114610672
2.4000000000000004 0.910610020160675
2.5 0.9151812195777893
2.6 0.9327093958854675
2.7 0.9572786688804626
2.8000000000000003 0.9823803305625916
2.9000000000000004 1.0055434703826904
3.0 1.0311553478240967
3.1 1.084742784500122
3.2 1.1481051445007324
3.3000000000000003 1.2192096710205078
3.4000000000000004 1.290693998336792
3.5 1.3484344482421875
3.6 1.3982982635498047
3.7 1.4424779415130615
3.8000000000000003 1.4813199043273926
3.9000000000000004 1.515352725982666
4.0 1.548522710800171
4.1 1.5796005725860596
4.2 1.6127502918243408
4.300000000000001 1.6452386379241943
4.4 1.655503273010254
4.5 1.6661005020141602
4.6000000000000005 1.6806724071502686
4.7 1.6987662315368652
4.8 1.7148981094360352
4.9 1.735335350036621
5.0 1.7590525150299072
5.1000000000000005 1.780240535736084
5.2 1.788743019104004
5.300000000000001 1.7970881462097168
5.4 1.8072288036346436
5.5 1.8197083473205566
5.6000000000000005 1.8354310989379883
5.7 1.8542568683624268
5.800000000000001 1.8753645420074463
5.9 1.8974215984344482
6.0 1.9175481796264648
