0.5 10.354044914245605
0.6 7.81488561630249
0.7 5.762038707733154
0.8 4.240483283996582
0.9 3.1165223121643066
1.0 2.141061782836914
1.1 1.3147356510162354
1.2000000000000002 0.7734730839729309
1.3 0.5404173731803894
1.4 0.45329922437667847
1.5 0.4264855980873108
1.6 0.43152517080307007
1.7000000000000002 0.4774227738380432
1.8 0.559549868106842
1.9000000000000001 0.6281275153160095
2.0 0.6602025628089905
2.1 0.663138210773468
2.2 0.6584613919258118
2.3 0.6582966446876526
2.4000000000000004 0.6710842251777649
2.5 0.6936184763908386
2.6 0.7109008431434631
2.7 0.7391843199729919
2.8000000000000003 0.7767272591590881
2.9000000000000004 0.8198294043540955
3.0 0.8645811676979065
3.1 0.9040765166282654
3.2 0.9454203248023987
3.3000000000000003 0.9868120551109314
3.4000000000000004 1.0323810577392578
3.5 1.0648870468139648
3.6 1.0756235122680664
3.7 1.085301399230957
3.8000000000000003 1.0977296829223633
3.9000000000000004 1.1118333339691162
4.0 1.127122163772583
4.1 1.1411550045013428
4.2 1.1580288410186768
4.300000000000001 1.1772229671478271
4.4 1.195075511932373
4.5 1.2151646614074707
4.6000000000000005 1.2398180961608887
4.7 1.2687225341796875
4.8 1.2947468757629395
4.9 1.3116629123687744
5.0 1.3327453136444092
5.1000000000000005 1.3589537143707275
5.2 1.3875741958618164
5.300000000000001 1.419243574142456
5.4 1.4553182125091553
5.5 1.4963326454162598
5.6000000000000005 1.5403459072113037
5.7 1.573734998703003
5.800000000000001 1.5867154598236084
5.9 1.5991430282592773
6.0 1.613400936126709
