0.5 44.40375900268555
0.6 41.134525299072266
0.7 36.99745178222656
0.8 31.9909725189209
0.9 26.65928077697754
1.0 21.439111709594727
1.1 16.927730560302734
1.2000000000000002 13.2391939163208
1.3 10.201181411743164
1.4 7.4762797355651855
1.5 4.986428737640381
1.6 2.8560380935668945
1.7000000000000002 1.4705758094787598
1.8 0.8526678681373596
1.9000000000000001 0.627970278263092
2.0 0.5413774847984314
2.1 0.5142893195152283
2.2 0.5217669606208801
2.3 0.5510092377662659
2.4000000000000004 0.5917832255363464
2.5 0.6390185952186584
2.6 0.6937302947044373
2.7 0.7531381249427795
2.8000000000000003 0.8100398182868958
2.9000000000000004 0.8654749989509583
3.0 0.9301781058311462
3.1 1.0144767761230469
3.2 1.1014420986175537
3.3000000000000003 1.1864440441131592
3.4000000000000004 1.2633728981018066
3.5 1.3348464965820312
3.6 1.3997032642364502
3.7 1.4570128917694092
3.8000000000000003 1.4966602325439453
3.9000000000000004 1.5262269973754883
4.0 1.5500776767730713
4.1 1.5720908641815186
4.2 1.5932199954986572
4.300000000000001 1.6001551151275635
4.4 1.6084389686584473
4.5 1.6202073097229004
4.6000000000000005 1.6341116428375244
4.7 1.6382575035095215
4.8 1.6455740928649902
4.9 1.6560001373291016
5.0 1.6687755584716797
5.1000000000000005 1.681990623474121
5.2 1.6984353065490723
5.300000000000001 1.7173559665679932
5.4 1.7407233715057373
5.5 1.7696917057037354
5.6000000000000005 1.8042323589324951
5.7 1.8425912857055664
5.800000000000001 1.8834800720214844
5.9 1.9066150188446045
6.0 1.9175477027893066
