0.5 13.194378852844238
0.6 10.216821670532227
0.7 7.623916149139404
0.8 5.463177680969238
0.9 3.8284597396850586
1.0 2.659857749938965
1.1 1.7221524715423584
1.2000000000000002 1.002598524093628
1.3 0.6440213322639465
1.4 0.5315656065940857
1.5 0.5126721262931824
1.6 0.5377749800682068
1.7000000000000002 0.6238732933998108
1.8 0.7510630488395691
1.9000000000000001 0.8431809544563293
2.0 0.8769604563713074
2.1 0.8846258521080017
2.2 0.8805820345878601
2.3 0.8939287066459656
2.4000000000000004 0.9341410994529724
2.5 1.001894235610962
2.6 1.064028024673462
2.7 1.1119403839111328
2.8000000000000003 1.1640119552612305
2.9000000000000004 1.2271573543548584
3.0 1.2994585037231445
3.1 1.3576486110687256
3.2 1.4020664691925049
3.3000000000000003 1.4314119815826416
3.4000000000000004 1.4305393695831299
3.5 1.3871197700500488
3.6 1.383866548538208
3.7 1.3862004280090332
3.8000000000000003 1.3785498142242432
3.9000000000000004 1.3691520690917969
4.0 1.3724067211151123
4.1 1.3811407089233398
4.2 1.397292137145996
4.300000000000001 1.4143321514129639
4.4 1.4309782981872559
4.5 1.4773473739624023
4.6000000000000005 1.5205318927764893
4.7 1.5667858123779297
4.8 1.606365442276001
4.9 1.6314849853515625
5.0 1.6576335430145264
5.1000000000000005 1.6908693313598633
5.2 1.7245924472808838
5.300000000000001 1.7609024047851562
5.4 1.7987148761749268
5.5 1.8394324779510498
5.6000000000000005 1.883162498474121
5.7 1.9306252002716064
5.800000000000001 1.9345757961273193
5.9 1.9345757961273193
6.0 1.9345757961273193
