0.5 11.068400382995605
0.6 8.31800365447998
0.7 5.991247653961182
0.8 4.187324523925781
0.9 2.909515380859375
1.0 1.9514133930206299
1.1 1.1469714641571045
1.2000000000000002 0.5703700184822083
1.3 0.334655225276947
1.4 0.26988285779953003
1.5 0.27034610509872437
1.6 0.32330256700515747
1.7000000000000002 0.4325396418571472
1.8 0.5371001362800598
1.9000000000000001 0.5911479592323303
2.0 0.608158528804779
2.1 0.6082963347434998
2.2 0.6142101883888245
2.3 0.6547040343284607
2.4000000000000004 0.7277918457984924
2.5 0.8126569390296936
2.6 0.8729704022407532
2.7 0.934079110622406
2.8000000000000003 0.9935744404792786
2.9000000000000004 1.0568318367004395
3.0 1.1116986274719238
3.1 1.148693561553955
3.2 1.168276071548462
3.3000000000000003 1.1562433242797852
3.4000000000000004 1.1080632209777832
3.5 1.090651035308838
3.6 1.0984117984771729
3.7 1.0927863121032715
3.8000000000000003 1.0861713886260986
3.9000000000000004 1.0844659805297852
4.0 1.0897889137268066
4.1 1.0973725318908691
4.2 1.105719804763794
4.300000000000001 1.1125514507293701
4.4 1.142181396484375
4.5 1.1799108982086182
4.6000000000000005 1.218153476715088
4.7 1.253324270248413
4.8 1.2745885848999023
4.9 1.2951200008392334
5.0 1.3210861682891846
5.1000000000000005 1.349919319152832
5.2 1.3815383911132812
5.300000000000001 1.4172003269195557
5.4 1.4559450149536133
5.5 1.5005340576171875
5.6000000000000005 1.5514440536499023
5.7 1.585172414779663
5.800000000000001 1.6009063720703125
5.9 1.6151032447814941
6.0 1.6309986114501953
