0.5 18.91803550720215
0.6 25.31780433654785
0.7 24.0725040435791
0.8 25.720355987548828
0.9 22.812660217285156
1.0 22.04003143310547
1.1 22.22162628173828
1.2000000000000002 21.3457088470459
1.3 20.303808212280273
1.4 18.161706924438477
1.5 14.58803653717041
1.6 11.086750030517578
1.7000000000000002 8.191620826721191
1.8 5.688941478729248
1.9000000000000001 3.6321229934692383
2.0 2.03849196434021
2.1 1.1353483200073242
2.2 0.802661120891571
2.3 0.7063906788825989
2.4000000000000004 0.6797179579734802
2.5 0.6835299134254456
2.6 0.6999805569648743
2.7 0.7233120799064636
2.8000000000000003 0.7470976710319519
2.9000000000000004 0.768855631351471
3.0 0.7930991053581238
3.1 0.8452890515327454
3.2 0.9088819622993469
3.3000000000000003 0.9804065823554993
3.4000000000000004 1.0520718097686768
3.5 1.1098754405975342
3.6 1.159485101699829
3.7 1.2034790515899658
3.8000000000000003 1.2423028945922852
3.9000000000000004 1.2763526439666748
4.0 1.3095014095306396
4.1 1.3406031131744385
4.2 1.3740217685699463
4.300000000000001 1.4075877666473389
4.4 1.4181537628173828
4.5 1.428586483001709
4.6000000000000005 1.4430625438690186
4.7 1.4610316753387451
4.8 1.476982593536377
4.9 1.4971895217895508
5.0 1.5206313133239746
5.1000000000000005 1.5415689945220947
5.2 1.5498549938201904
5.300000000000001 1.5578670501708984
5.4 1.5676343441009521
5.5 1.5796430110931396
5.6000000000000005 1.5948307514190674
5.7 1.6130421161651611
5.800000000000001 1.6334290504455566
5.9 1.6546921730041504
6.0 1.674046277999878
