0.5 11.906584739685059
0.6 9.174012184143066
0.7 6.878265380859375
0.8 5.063025951385498
0.9 3.710684299468994
1.0 2.622969627380371
1.1 1.6734168529510498
1.2000000000000002 0.9928261637687683
1.3 0.6804749369621277
1.4 0.5537658333778381
1.5 0.5122606158256531
1.6 0.5088208317756653
1.7000000000000002 0.5410130620002747
1.8 0.6175182461738586
1.9000000000000001 0.6960238814353943
2.0 0.7355248332023621
2.1 0.7427849173545837
2.2 0.7322519421577454
2.3 0.7300556302070618
2.4000000000000004 0.7357407212257385
2.5 0.757172167301178
2.6 0.774709165096283
2.7 0.7923335433006287
2.8000000000000003 0.8209248185157776
2.9000000000000004 0.8616421818733215
3.0 0.910489022731781
3.1 0.9554900527000427
3.2 0.9984660744667053
3.3000000000000003 1.043464183807373
3.4000000000000004 1.0912055969238281
3.5 1.1383984088897705
3.6 1.1680042743682861
3.7 1.1855530738830566
3.8000000000000003 1.204488754272461
3.9000000000000004 1.2187199592590332
4.0 1.2363474369049072
4.1 1.2536015510559082
4.2 1.2719202041625977
4.300000000000001 1.2953674793243408
4.4 1.3192894458770752
4.5 1.3445591926574707
4.6000000000000005 1.371711015701294
4.7 1.4049944877624512
4.8 1.4362905025482178
4.9 1.456242561340332
5.0 1.4793977737426758
5.1000000000000005 1.5085442066192627
5.2 1.538935661315918
5.300000000000001 1.5718052387237549
5.4 1.608008623123169
5.5 1.6472673416137695
5.6000000000000005 1.689253568649292
5.7 1.7346150875091553
5.800000000000001 1.7393066883087158
5.9 1.7393066883087158
6.0 1.7393066883087158
