0.5 3.7374978065490723
0.6 12.800146102905273
0.7 15.872314453125
0.8 14.70025634765625
0.9 10.455831527709961
1.0 7.689014911651611
1.1 5.380733966827393
1.2000000000000002 3.18211030960083
1.3 1.788956642150879
1.4 0.8516743779182434
1.5 0.4642990231513977
1.6 0.3682857155799866
1.7000000000000002 0.3916688561439514
1.8 0.4785376191139221
1.9000000000000001 0.5995851159095764
2.0 0.7583945393562317
2.1 0.9521597027778625
2.2 1.1709189414978027
2.3 1.411470651626587
2.4000000000000004 1.630054235458374
2.5 1.8573758602142334
2.6 2.0775461196899414
2.7 2.274339437484741
2.8000000000000003 2.4290876388549805
2.9000000000000004 2.5455451011657715
3.0 2.6347720623016357
3.1 2.707435131072998
3.2 2.7686550617218018
3.3000000000000003 2.8306663036346436
3.4000000000000004 2.8849337100982666
3.5 2.942103147506714
3.6 3.0065715312957764
3.7 3.0563862323760986
3.8000000000000003 3.101163625717163
3.9000000000000004 3.138294219970703
4.0 3.1653261184692383
4.1 3.1856884956359863
4.2 3.2018632888793945
4.300000000000001 3.214078426361084
4.4 3.2274749279022217
4.5 3.246915817260742
4.6000000000000005 3.252735137939453
4.7 3.2580652236938477
4.8 3.260070323944092
4.9 3.262996196746826
5.0 3.2664451599121094
5.1000000000000005 3.270754337310791
5.2 3.2735390663146973
5.300000000000001 3.2750039100646973
5.4 3.2771034240722656
5.5 3.2814159393310547
5.6000000000000005 3.2880802154541016
5.7 3.2973432540893555
5.800000000000001 3.308964729309082
5.9 3.3218727111816406
6.0 3.33413028717041
