0.5 45.290767669677734
0.6 40.6506462097168
0.7 35.727088928222656
0.8 30.5687313079834
0.9 25.361949920654297
1.0 20.51799964904785
1.1 16.247953414916992
1.2000000000000002 12.5637845993042
1.3 9.14566421508789
1.4 6.035114765167236
1.5 3.498882293701172
1.6 1.7497014999389648
1.7000000000000002 0.7744951844215393
1.8 0.3744351267814636
1.9000000000000001 0.21632885932922363
2.0 0.1507786512374878
2.1 0.13097131252288818
2.2 0.1386967897415161
2.3 0.16540557146072388
2.4000000000000004 0.2083965539932251
2.5 0.26831215620040894
2.6 0.34042900800704956
2.7 0.421470582485199
2.8000000000000003 0.5109098553657532
2.9000000000000004 0.6039555668830872
3.0 0.6997808814048767
3.1 0.7993238568305969
3.2 0.8968604207038879
3.3000000000000003 0.9909583926200867
3.4000000000000004 1.0795972347259521
3.5 1.1590840816497803
3.6 1.2264649868011475
3.7 1.2738494873046875
3.8000000000000003 1.292266845703125
3.9000000000000004 1.2972068786621094
4.0 1.2965288162231445
4.1 1.2907183170318604
4.2 1.2857849597930908
4.300000000000001 1.2842764854431152
4.4 1.2898895740509033
4.5 1.2888338565826416
4.6000000000000005 1.2868168354034424
4.7 1.2915070056915283
4.8 1.3017759323120117
4.9 1.3158130645751953
5.0 1.3339905738830566
5.1000000000000005 1.3561201095581055
5.2 1.3809082508087158
5.300000000000001 1.4122154712677002
5.4 1.4518458843231201
5.5 1.4991822242736816
5.6000000000000005 1.5531082153320312
5.7 1.611522912979126
5.800000000000001 1.6548714637756348
5.9 1.6718695163726807
6.0 1.6718695163726807
