0.5 13.857069969177246
0.6 10.833939552307129
0.7 8.155889511108398
0.8 5.911150932312012
0.9 4.191699028015137
1.0 2.9896464347839355
1.1 2.046499490737915
1.2000000000000002 1.247481107711792
1.3 0.7326504588127136
1.4 0.5430739521980286
1.5 0.4965335726737976
1.6 0.5033326745033264
1.7000000000000002 0.5538509488105774
1.8 0.6508828997612
1.9000000000000001 0.7389442324638367
2.0 0.7801786065101624
2.1 0.7880788445472717
2.2 0.7805485129356384
2.3 0.7847267985343933
2.4000000000000004 0.8159933686256409
2.5 0.8789740204811096
2.6 0.9515561461448669
2.7 1.0107133388519287
2.8000000000000003 1.0738708972930908
2.9000000000000004 1.1401002407073975
3.0 1.209158182144165
3.1 1.2699060440063477
3.2 1.317774772644043
3.3000000000000003 1.3505232334136963
3.4000000000000004 1.361243724822998
3.5 1.3319790363311768
3.6 1.3262178897857666
3.7 1.3218910694122314
3.8000000000000003 1.3101706504821777
3.9000000000000004 1.2984583377838135
4.0 1.297243356704712
4.1 1.3008899688720703
4.2 1.3121905326843262
4.300000000000001 1.3256375789642334
4.4 1.338935375213623
4.5 1.376283884048462
4.6000000000000005 1.4175927639007568
4.7 1.4585471153259277
4.8 1.494537353515625
4.9 1.517775535583496
5.0 1.5397772789001465
5.1000000000000005 1.5682580471038818
5.2 1.6002213954925537
5.300000000000001 1.6329944133758545
5.4 1.666896104812622
5.5 1.706618070602417
5.6000000000000005 1.749161958694458
5.7 1.7974801063537598
5.800000000000001 1.8204331398010254
5.9 1.8329648971557617
6.0 1.8480839729309082
