0.5 10.744261741638184
0.6 8.077106475830078
0.7 5.907410621643066
0.8 4.265788555145264
0.9 3.0835163593292236
1.0 2.1087887287139893
1.1 1.249152421951294
1.2000000000000002 0.6394038796424866
1.3 0.3469861149787903
1.4 0.234333336353302
1.5 0.19698119163513184
1.6 0.19278162717819214
1.7000000000000002 0.22319364547729492
1.8 0.29441970586776733
1.9000000000000001 0.36368197202682495
2.0 0.3978263735771179
2.1 0.40197187662124634
2.2 0.3937460780143738
2.3 0.3858618140220642
2.4000000000000004 0.39059239625930786
2.5 0.4073043465614319
2.6 0.4248434901237488
2.7 0.4491928219795227
2.8000000000000003 0.4844678044319153
2.9000000000000004 0.5279497504234314
3.0 0.5742412209510803
3.1 0.6170726418495178
3.2 0.6619004607200623
3.3000000000000003 0.7080444693565369
3.4000000000000004 0.7615075707435608
3.5 0.8071215748786926
3.6 0.8269540667533875
3.7 0.8370811343193054
3.8000000000000003 0.8513012528419495
3.9000000000000004 0.8660281300544739
4.0 0.8826647400856018
4.1 0.8960402607917786
4.2 0.9109122157096863
4.300000000000001 0.9292663931846619
4.4 0.9466041922569275
4.5 0.9650556445121765
4.6000000000000005 0.9866814017295837
4.7 1.0129399299621582
4.8 1.0342490673065186
4.9 1.0507822036743164
5.0 1.0717127323150635
5.1000000000000005 1.0981388092041016
5.2 1.127385139465332
5.300000000000001 1.1596109867095947
5.4 1.1966378688812256
5.5 1.238783836364746
5.6000000000000005 1.2847099304199219
5.7 1.3268067836761475
5.800000000000001 1.3393404483795166
5.9 1.3507287502288818
6.0 1.3636252880096436
