0.5 12.45395565032959
0.6 9.550810813903809
0.7 7.011196136474609
0.8 4.899735927581787
0.9 3.3427157402038574
1.0 2.2575571537017822
1.1 1.3968174457550049
1.2000000000000002 0.724371612071991
1.3 0.39891260862350464
1.4 0.29396408796310425
1.5 0.27929776906967163
1.6 0.3181919455528259
1.7000000000000002 0.4389590620994568
1.8 0.5862573981285095
1.9000000000000001 0.6787758469581604
2.0 0.7061766982078552
2.1 0.708576500415802
2.2 0.7027550339698792
2.3 0.7128404974937439
2.4000000000000004 0.7559440732002258
2.5 0.824707567691803
2.6 0.885231077671051
2.7 0.92278653383255
2.8000000000000003 0.9666394591331482
2.9000000000000004 1.0212976932525635
3.0 1.0860519409179688
3.1 1.1332049369812012
3.2 1.165085792541504
3.3000000000000003 1.1798629760742188
3.4000000000000004 1.1626276969909668
3.5 1.105280876159668
3.6 1.1077773571014404
3.7 1.1090624332427979
3.8000000000000003 1.108999252319336
3.9000000000000004 1.1030216217041016
4.0 1.1065282821655273
4.1 1.1148388385772705
4.2 1.1315553188323975
4.300000000000001 1.1475458145141602
4.4 1.162156581878662
4.5 1.2064099311828613
4.6000000000000005 1.2480478286743164
4.7 1.2927591800689697
4.8 1.3356151580810547
4.9 1.368725299835205
5.0 1.3952741622924805
5.1000000000000005 1.4294219017028809
5.2 1.4637062549591064
5.300000000000001 1.5007953643798828
5.4 1.539849042892456
5.5 1.582002878189087
5.6000000000000005 1.627516269683838
5.7 1.6762216091156006
5.800000000000001 1.678844690322876
5.9 1.678844690322876
6.0 1.678844690322876
