0.5 38.13589859008789
0.6 35.04974365234375
0.7 31.33620262145996
0.8 27.042139053344727
0.9 22.606199264526367
1.0 18.340999603271484
1.1 14.647689819335938
1.2000000000000002 11.567154884338379
1.3 8.89306926727295
1.4 6.397145748138428
1.5 4.160556793212891
1.6 2.373014211654663
1.7000000000000002 1.2954823970794678
1.8 0.8009384274482727
1.9000000000000001 0.5933293700218201
2.0 0.4988587498664856
2.1 0.4581068158149719
2.2 0.44810205698013306
2.3 0.45686477422714233
2.4000000000000004 0.47651177644729614
2.5 0.499000608921051
2.6 0.526279628276825
2.7 0.5615530610084534
2.8000000000000003 0.6080678105354309
2.9000000000000004 0.6699351668357849
3.0 0.7421702742576599
3.1 0.8206848502159119
3.2 0.9012488722801208
3.3000000000000003 0.9798479676246643
3.4000000000000004 1.0498380661010742
3.5 1.1142821311950684
3.6 1.1702568531036377
3.7 1.2180688381195068
3.8000000000000003 1.2485318183898926
3.9000000000000004 1.2726523876190186
4.0 1.2937045097351074
4.1 1.3145382404327393
4.2 1.335444450378418
4.300000000000001 1.3437919616699219
4.4 1.3539421558380127
4.5 1.3682551383972168
4.6000000000000005 1.385725736618042
4.7 1.3943324089050293
4.8 1.4046759605407715
4.9 1.4187672138214111
5.0 1.4348533153533936
5.1000000000000005 1.4519052505493164
5.2 1.4714314937591553
5.300000000000001 1.4925172328948975
5.4 1.5165538787841797
5.5 1.5444824695587158
5.6000000000000005 1.5768210887908936
5.7 1.612351417541504
5.800000000000001 1.6506552696228027
5.9 1.6727519035339355
6.0 1.6831679344177246
