0.5 14.805571556091309
0.6 11.609110832214355
0.7 8.84643268585205
0.8 6.561801433563232
0.9 4.778807163238525
1.0 3.459223747253418
1.1 2.4520652294158936
1.2000000000000002 1.5985755920410156
1.3 0.9208864569664001
1.4 0.6129669547080994
1.5 0.5034067034721375
1.6 0.46995967626571655
1.7000000000000002 0.4602934718132019
1.8 0.46082061529159546
1.9000000000000001 0.4587816596031189
2.0 0.4480941891670227
2.1 0.4330440163612366
2.2 0.41890960931777954
2.3 0.4266684651374817
2.4000000000000004 0.4526539444923401
2.5 0.49706345796585083
2.6 0.5370966792106628
2.7 0.5617216229438782
2.8000000000000003 0.5818952918052673
2.9000000000000004 0.6015836596488953
3.0 0.6195568442344666
3.1 0.638289749622345
3.2 0.6614248156547546
3.3000000000000003 0.6872585415840149
3.4000000000000004 0.7170912623405457
3.5 0.7340807318687439
3.6 0.7339462637901306
3.7 0.7268174290657043
3.8000000000000003 0.7249590754508972
3.9000000000000004 0.7267200350761414
4.0 0.7415212988853455
4.1 0.7623644471168518
4.2 0.7851911187171936
4.300000000000001 0.8082574009895325
4.4 0.8332691788673401
4.5 0.8644991517066956
4.6000000000000005 0.892042338848114
4.7 0.9224734902381897
4.8 0.9450300335884094
4.9 0.9605416655540466
5.0 0.9775602221488953
5.1000000000000005 0.9995107054710388
5.2 1.0252785682678223
5.300000000000001 1.0546648502349854
5.4 1.0864989757537842
5.5 1.1228294372558594
5.6000000000000005 1.1632654666900635
5.7 1.2073311805725098
5.800000000000001 1.210106372833252
5.9 1.210106372833252
6.0 1.210106372833252
