0.5 13.194405555725098
0.6 10.216836929321289
0.7 7.623927593231201
0.8 5.463172912597656
0.9 3.828446865081787
1.0 2.6598453521728516
1.1 1.7221462726593018
1.2000000000000002 1.002610445022583
1.3 0.6440337300300598
1.4 0.5315834879875183
1.5 0.5126928687095642
1.6 0.5377959609031677
1.7000000000000002 0.6238927245140076
1.8 0.751081645488739
1.9000000000000001 0.8432014584541321
2.0 0.8769815564155579
2.1 0.8846490979194641
2.2 0.8806008696556091
2.3 0.8939363360404968
2.4000000000000004 0.9341453909873962
2.5 1.001896619796753
2.6 1.0640363693237305
2.7 1.1119482517242432
2.8000000000000003 1.164015293121338
2.9000000000000004 1.2271583080291748
3.0 1.2994587421417236
3.1 1.3576462268829346
3.2 1.4020655155181885
3.3000000000000003 1.431410312652588
3.4000000000000004 1.430539846420288
3.5 1.3871181011199951
3.6 1.383866310119629
3.7 1.3861985206604004
3.8000000000000003 1.378546953201294
3.9000000000000004 1.3691458702087402
4.0 1.3724017143249512
4.1 1.381138801574707
4.2 1.3972911834716797
4.300000000000001 1.4143283367156982
4.4 1.4309709072113037
4.5 1.4773430824279785
4.6000000000000005 1.5205271244049072
4.7 1.5667831897735596
4.8 1.6063623428344727
4.9 1.6314809322357178
5.0 1.6576309204101562
5.1000000000000005 1.690866470336914
5.2 1.7245903015136719
5.300000000000001 1.760897159576416
5.4 1.798710584640503
5.5 1.8394293785095215
5.6000000000000005 1.883159875869751
5.7 1.9306247234344482
5.800000000000001 1.9345757961273193
5.9 1.9345757961273193
6.0 1.9345757961273193
