0.5 13.856581687927246
0.6 10.833540916442871
0.7 8.155505180358887
0.8 5.9107866287231445
0.9 4.191338062286377
1.0 2.9893572330474854
1.1 2.0463180541992188
1.2000000000000002 1.247365951538086
1.3 0.7325828671455383
1.4 0.5430468916893005
1.5 0.49652010202407837
1.6 0.5033263564109802
1.7000000000000002 0.5538447499275208
1.8 0.6508753895759583
1.9000000000000001 0.7389357686042786
2.0 0.7801764607429504
2.1 0.7880774140357971
2.2 0.7805424332618713
2.3 0.7847265601158142
2.4000000000000004 0.8159895539283752
2.5 0.8789699673652649
2.6 0.9515588879585266
2.7 1.010718822479248
2.8000000000000003 1.0738682746887207
2.9000000000000004 1.1401007175445557
3.0 1.2091522216796875
3.1 1.269904375076294
3.2 1.317763090133667
3.3000000000000003 1.3505146503448486
3.4000000000000004 1.3612353801727295
3.5 1.3319649696350098
3.6 1.3261983394622803
3.7 1.3218700885772705
3.8000000000000003 1.3101489543914795
3.9000000000000004 1.2984375953674316
4.0 1.2972183227539062
4.1 1.3008718490600586
4.2 1.3121745586395264
4.300000000000001 1.3256213665008545
4.4 1.3389222621917725
4.5 1.3762669563293457
4.6000000000000005 1.4175763130187988
4.7 1.4585347175598145
4.8 1.4945261478424072
4.9 1.5177674293518066
5.0 1.5397679805755615
5.1000000000000005 1.568248987197876
5.2 1.600215196609497
5.300000000000001 1.6329872608184814
5.4 1.6668891906738281
5.5 1.706615686416626
5.6000000000000005 1.7491607666015625
5.7 1.7974798679351807
5.800000000000001 1.8204362392425537
5.9 1.8329672813415527
6.0 1.8480863571166992
