0.5 13.098228454589844
0.6 10.26363468170166
0.7 7.805576801300049
0.8 5.830401420593262
0.9 4.346808433532715
1.0 3.239361047744751
1.1 2.2476680278778076
1.2000000000000002 1.4048492908477783
1.3 0.8557353615760803
1.4 0.6183945536613464
1.5 0.5225246548652649
1.6 0.4925861954689026
1.7000000000000002 0.49773067235946655
1.8 0.5357484221458435
1.9000000000000001 0.5926164984703064
2.0 0.6353409886360168
2.1 0.6502239108085632
2.2 0.6452396512031555
2.3 0.6407250761985779
2.4000000000000004 0.6471914649009705
2.5 0.6687102913856506
2.6 0.7002866864204407
2.7 0.7333506941795349
2.8000000000000003 0.7760569453239441
2.9000000000000004 0.8250293135643005
3.0 0.8785874247550964
3.1 0.932155191898346
3.2 0.9836527705192566
3.3000000000000003 1.0361716747283936
3.4000000000000004 1.0918548107147217
3.5 1.1441569328308105
3.6 1.165792465209961
3.7 1.170332908630371
3.8000000000000003 1.1738414764404297
3.9000000000000004 1.1816036701202393
4.0 1.193185806274414
4.1 1.204850196838379
4.2 1.2185468673706055
4.300000000000001 1.2339763641357422
4.4 1.250047206878662
4.5 1.2681005001068115
4.6000000000000005 1.2889504432678223
4.7 1.3151075839996338
4.8 1.3384089469909668
4.9 1.353022813796997
5.0 1.3712387084960938
5.1000000000000005 1.3958358764648438
5.2 1.4241015911102295
5.300000000000001 1.4554095268249512
5.4 1.4913952350616455
5.5 1.5317413806915283
5.6000000000000005 1.5770869255065918
5.7 1.6280817985534668
5.800000000000001 1.6605184078216553
5.9 1.674621820449829
6.0 1.6882069110870361
