0.5 12.948307991027832
0.6 10.020204544067383
0.7 7.446509838104248
0.8 5.293015003204346
0.9 3.6950435638427734
1.0 2.5729641914367676
1.1 1.6751391887664795
1.2000000000000002 0.9734486937522888
1.3 0.6361513733863831
1.4 0.5304448008537292
1.5 0.5161231160163879
1.6 0.5500773787498474
1.7000000000000002 0.6569185853004456
1.8 0.798193633556366
1.9000000000000001 0.8926087021827698
2.0 0.9223458170890808
2.1 0.9259896874427795
2.2 0.91981440782547
2.3 0.9292296767234802
2.4000000000000004 0.9676252007484436
2.5 1.0324177742004395
2.6 1.0909557342529297
2.7 1.1310007572174072
2.8000000000000003 1.1778874397277832
2.9000000000000004 1.235093593597412
3.0 1.3026773929595947
3.1 1.3550851345062256
3.2 1.392967700958252
3.3000000000000003 1.415870189666748
3.4000000000000004 1.4074621200561523
3.5 1.3592700958251953
3.6 1.362828254699707
3.7 1.3646767139434814
3.8000000000000003 1.3649835586547852
3.9000000000000004 1.3600075244903564
4.0 1.3637409210205078
4.1 1.3728113174438477
4.2 1.3901212215423584
4.300000000000001 1.406888484954834
4.4 1.42252516746521
4.5 1.466200828552246
4.6000000000000005 1.5072925090789795
4.7 1.551785945892334
4.8 1.5946464538574219
4.9 1.6278297901153564
5.0 1.6544888019561768
5.1000000000000005 1.6884706020355225
5.2 1.7225511074066162
5.300000000000001 1.7592809200286865
5.4 1.7976984977722168
5.5 1.83909010887146
5.6000000000000005 1.8836183547973633
5.7 1.9315588474273682
5.800000000000001 1.9345757961273193
5.9 1.9345757961273193
6.0 1.9345757961273193
