0.5 15.926752090454102
0.6 12.708730697631836
0.7 9.824965476989746
0.8 7.391584873199463
0.9 5.404841423034668
1.0 3.8631396293640137
1.1 2.6265311241149902
1.2000000000000002 1.5911147594451904
1.3 0.8944622874259949
1.4 0.6139715313911438
1.5 0.5312231183052063
1.6 0.5232776999473572
1.7000000000000002 0.5485855937004089
1.8 0.5991364121437073
1.9000000000000001 0.6626800894737244
2.0 0.7070489525794983
2.1 0.7223042845726013
2.2 0.7201521992683411
2.3 0.730558454990387
2.4000000000000004 0.7662259936332703
2.5 0.8407309651374817
2.6 0.9272156357765198
2.7 1.0105807781219482
2.8000000000000003 1.0915977954864502
2.9000000000000004 1.1742403507232666
3.0 1.2575249671936035
3.1 1.3309130668640137
3.2 1.3847627639770508
3.3000000000000003 1.4210147857666016
3.4000000000000004 1.4283781051635742
3.5 1.3928709030151367
3.6 1.3781208992004395
3.7 1.3829407691955566
3.8000000000000003 1.375298023223877
3.9000000000000004 1.3662240505218506
4.0 1.3638041019439697
4.1 1.3673524856567383
4.2 1.3740861415863037
4.300000000000001 1.3808567523956299
4.4 1.384324073791504
4.5 1.4148368835449219
4.6000000000000005 1.4462246894836426
4.7 1.4771778583526611
4.8 1.5086283683776855
4.9 1.5183422565460205
5.0 1.527400255203247
5.1000000000000005 1.5439932346343994
5.2 1.565173625946045
5.300000000000001 1.5891644954681396
5.4 1.6158843040466309
5.5 1.6504483222961426
5.6000000000000005 1.6886694431304932
5.7 1.7359483242034912
5.800000000000001 1.7630784511566162
5.9 1.7822096347808838
6.0 1.80574369430542
