0.5 12.39179515838623
0.6 9.597113609313965
0.7 7.20761251449585
0.8 5.301408767700195
0.9 3.8841967582702637
1.0 2.8273210525512695
1.1 1.8777904510498047
1.2000000000000002 1.091846227645874
1.3 0.5815491080284119
1.4 0.36282557249069214
1.5 0.27134567499160767
1.6 0.24178463220596313
1.7000000000000002 0.24853819608688354
1.8 0.2933799624443054
1.9000000000000001 0.3554672598838806
2.0 0.39829951524734497
2.1 0.4105868935585022
2.2 0.40288811922073364
2.3 0.3952811360359192
2.4000000000000004 0.4012715220451355
2.5 0.4227471947669983
2.6 0.45445019006729126
2.7 0.48701101541519165
2.8000000000000003 0.5300583243370056
2.9000000000000004 0.5796515345573425
3.0 0.6336842179298401
3.1 0.6869423985481262
3.2 0.7383599877357483
3.3000000000000003 0.7893756031990051
3.4000000000000004 0.8434895873069763
3.5 0.8924497961997986
3.6 0.9095997214317322
3.7 0.9133204817771912
3.8000000000000003 0.9170767664909363
3.9000000000000004 0.9242755770683289
4.0 0.9354931712150574
4.1 0.9463915228843689
4.2 0.9596911072731018
4.300000000000001 0.9745853543281555
4.4 0.9898262619972229
4.5 1.0081934928894043
4.6000000000000005 1.0298364162445068
4.7 1.0566086769104004
4.8 1.0788078308105469
4.9 1.0935018062591553
5.0 1.1121065616607666
5.1000000000000005 1.1374258995056152
5.2 1.1662156581878662
5.300000000000001 1.1980235576629639
5.4 1.2348461151123047
5.5 1.2761530876159668
5.6000000000000005 1.3225769996643066
5.7 1.374086618423462
5.800000000000001 1.4049880504608154
5.9 1.4181389808654785
6.0 1.4316389560699463
