0.5 13.385741233825684
0.6 10.366926193237305
0.7 7.786365985870361
0.8 5.695506572723389
0.9 4.0982537269592285
1.0 2.9248032569885254
1.1 1.9195284843444824
1.2000000000000002 1.1124391555786133
1.3 0.6601902842521667
1.4 0.507484495639801
1.5 0.4726288914680481
1.6 0.4817963242530823
1.7000000000000002 0.519343912601471
1.8 0.5872645974159241
1.9000000000000001 0.648360550403595
2.0 0.6771708130836487
2.1 0.6791785359382629
2.2 0.6786095499992371
2.3 0.692933976650238
2.4000000000000004 0.7398956418037415
2.5 0.8126019835472107
2.6 0.8824296593666077
2.7 0.949612557888031
2.8000000000000003 1.0220272541046143
2.9000000000000004 1.0927717685699463
3.0 1.163942575454712
3.1 1.220879077911377
3.2 1.2667477130889893
3.3000000000000003 1.29305100440979
3.4000000000000004 1.2970106601715088
3.5 1.273421287536621
3.6 1.2860372066497803
3.7 1.2818958759307861
3.8000000000000003 1.2738947868347168
3.9000000000000004 1.2659869194030762
4.0 1.2676153182983398
4.1 1.2717809677124023
4.2 1.2786798477172852
4.300000000000001 1.2860822677612305
4.4 1.3015897274017334
4.5 1.331744909286499
4.6000000000000005 1.3617701530456543
4.7 1.3909783363342285
4.8 1.415989637374878
4.9 1.4308760166168213
5.0 1.448106288909912
5.1000000000000005 1.472238540649414
5.2 1.499206304550171
5.300000000000001 1.5258374214172363
5.4 1.5547475814819336
5.5 1.5903856754302979
5.6000000000000005 1.6277079582214355
5.7 1.6663203239440918
5.800000000000001 1.6903984546661377
5.9 1.7137596607208252
6.0 1.7416679859161377
