0.5 10.675626754760742
0.6 8.14362621307373
0.7 6.095353126525879
0.8 4.54044771194458
0.9 3.393847942352295
1.0 2.3925249576568604
1.1 1.511096477508545
1.2000000000000002 0.9159910082817078
1.3 0.6418893933296204
1.4 0.5315020680427551
1.5 0.4944201111793518
1.6 0.49511200189590454
1.7000000000000002 0.52804034948349
1.8 0.5842334628105164
1.9000000000000001 0.6307114958763123
2.0 0.6496739983558655
2.1 0.6463409066200256
2.2 0.6415426135063171
2.3 0.6453352570533752
2.4000000000000004 0.664848268032074
2.5 0.6956776976585388
2.6 0.7276557087898254
2.7 0.7689412236213684
2.8000000000000003 0.8171828389167786
2.9000000000000004 0.8704281449317932
3.0 0.9243788123130798
3.1 0.9754931330680847
3.2 1.0285959243774414
3.3000000000000003 1.083223819732666
3.4000000000000004 1.136136770248413
3.5 1.1645550727844238
3.6 1.1700921058654785
3.7 1.1727502346038818
3.8000000000000003 1.1803698539733887
3.9000000000000004 1.191270112991333
4.0 1.2033355236053467
4.1 1.216477632522583
4.2 1.2313144207000732
4.300000000000001 1.2474207878112793
4.4 1.2650456428527832
4.5 1.2853765487670898
4.6000000000000005 1.3111555576324463
4.7 1.3360986709594727
4.8 1.3506183624267578
4.9 1.3683767318725586
5.0 1.3917489051818848
5.1000000000000005 1.4194731712341309
5.2 1.4505298137664795
5.300000000000001 1.48577880859375
5.4 1.5254058837890625
5.5 1.570009708404541
5.6000000000000005 1.620223045349121
5.7 1.6559579372406006
5.800000000000001 1.672597885131836
5.9 1.6860597133636475
6.0 1.701059341430664
