0.5 12.688620567321777
0.6 9.724263191223145
0.7 7.168389797210693
0.8 5.116343975067139
0.9 3.600849151611328
1.0 2.529568910598755
1.1 1.629556655883789
1.2000000000000002 0.9256957173347473
1.3 0.5862404704093933
1.4 0.4873036742210388
1.5 0.4746935963630676
1.6 0.5000807642936707
1.7000000000000002 0.5723409056663513
1.8 0.6838464140892029
1.9000000000000001 0.7665110230445862
2.0 0.799570620059967
2.1 0.8042564988136292
2.2 0.8038439154624939
2.3 0.8148532509803772
2.4000000000000004 0.8560557961463928
2.5 0.9214465022087097
2.6 0.9799562096595764
2.7 1.0330884456634521
2.8000000000000003 1.0917880535125732
2.9000000000000004 1.1535794734954834
3.0 1.219541311264038
3.1 1.2696824073791504
3.2 1.3111605644226074
3.3000000000000003 1.3341665267944336
3.4000000000000004 1.3333420753479004
3.5 1.2980811595916748
3.6 1.3152713775634766
3.7 1.3147039413452148
3.8000000000000003 1.3120265007019043
3.9000000000000004 1.3094305992126465
4.0 1.316166877746582
4.1 1.3234777450561523
4.2 1.3357429504394531
4.300000000000001 1.349621057510376
4.4 1.365450143814087
4.5 1.405787706375122
4.6000000000000005 1.442746639251709
4.7 1.4794418811798096
4.8 1.5095458030700684
4.9 1.5300559997558594
5.0 1.5518271923065186
5.1000000000000005 1.5803709030151367
5.2 1.6100826263427734
5.300000000000001 1.6416893005371094
5.4 1.6756904125213623
5.5 1.7152016162872314
5.6000000000000005 1.7586731910705566
5.7 1.7999744415283203
5.800000000000001 1.8112430572509766
5.9 1.8218932151794434
6.0 1.8349463939666748
