0.5 12.621217727661133
0.6 9.809948921203613
0.7 7.37982702255249
0.8 5.435054779052734
0.9 3.980414390563965
1.0 2.9052069187164307
1.1 1.9501941204071045
1.2000000000000002 1.1458141803741455
1.3 0.6095626950263977
1.4 0.3741738200187683
1.5 0.2757938504219055
1.6 0.2426653504371643
1.7000000000000002 0.24677902460098267
1.8 0.2886424660682678
1.9000000000000001 0.35087698698043823
2.0 0.39613765478134155
2.1 0.4107854962348938
2.2 0.40376967191696167
2.3 0.395763099193573
2.4000000000000004 0.4001999497413635
2.5 0.4207080006599426
2.6 0.45209699869155884
2.7 0.4841112494468689
2.8000000000000003 0.5263702273368835
2.9000000000000004 0.5754829049110413
3.0 0.6293167471885681
3.1 0.682938277721405
3.2 0.7340661883354187
3.3000000000000003 0.7854467034339905
3.4000000000000004 0.8393341898918152
3.5 0.8888160586357117
3.6 0.9090030789375305
3.7 0.9131783843040466
3.8000000000000003 0.9164313673973083
3.9000000000000004 0.9235602021217346
4.0 0.9345294833183289
4.1 0.9455234408378601
4.2 0.9585850834846497
4.300000000000001 0.9732328057289124
4.4 0.9884518980979919
4.5 1.0064654350280762
4.6000000000000005 1.0277016162872314
4.7 1.054311990737915
4.8 1.0775399208068848
4.9 1.0921602249145508
5.0 1.1104986667633057
5.1000000000000005 1.1352293491363525
5.2 1.1637074947357178
5.300000000000001 1.1953580379486084
5.4 1.2318108081817627
5.5 1.2726757526397705
5.6000000000000005 1.318694829940796
5.7 1.3704721927642822
5.800000000000001 1.4030447006225586
5.9 1.4170968532562256
6.0 1.4305143356323242
