0.5 11.50695514678955
0.6 8.831062316894531
0.7 6.586325645446777
0.8 4.826615810394287
0.9 3.5329842567443848
1.0 2.4850776195526123
1.1 1.5818424224853516
1.2000000000000002 0.9473188519477844
1.3 0.6586087346076965
1.4 0.543934166431427
1.5 0.5096140503883362
1.6 0.5116482377052307
1.7000000000000002 0.5597296357154846
1.8 0.6587000489234924
1.9000000000000001 0.7487305998802185
2.0 0.7885465025901794
2.1 0.7927789092063904
2.2 0.7784057259559631
2.3 0.7700032591819763
2.4000000000000004 0.7723110318183899
2.5 0.790103018283844
2.6 0.8045758605003357
2.7 0.818546712398529
2.8000000000000003 0.8449869751930237
2.9000000000000004 0.8829012513160706
3.0 0.9286299347877502
3.1 0.9684825539588928
3.2 1.006293535232544
3.3000000000000003 1.044365644454956
3.4000000000000004 1.0826022624969482
3.5 1.1216459274291992
3.6 1.143251657485962
3.7 1.154163122177124
3.8000000000000003 1.165475845336914
3.9000000000000004 1.1815929412841797
4.0 1.1994633674621582
4.1 1.2179055213928223
4.2 1.2388241291046143
4.300000000000001 1.264646291732788
4.4 1.2897636890411377
4.5 1.3164303302764893
4.6000000000000005 1.3456981182098389
4.7 1.3813583850860596
4.8 1.419440507888794
4.9 1.449704885482788
5.0 1.4795799255371094
5.1000000000000005 1.5092859268188477
5.2 1.5397415161132812
5.300000000000001 1.5728118419647217
5.4 1.6094746589660645
5.5 1.6491520404815674
5.6000000000000005 1.6916489601135254
5.7 1.7367842197418213
5.800000000000001 1.7393066883087158
5.9 1.7393066883087158
6.0 1.7393066883087158
