0.5 12.482427597045898
0.6 9.47809886932373
0.7 6.868943214416504
0.8 4.795642375946045
0.9 3.3054938316345215
1.0 2.2578089237213135
1.1 1.3949198722839355
1.2000000000000002 0.703734815120697
1.3 0.344815194606781
1.4 0.24086344242095947
1.5 0.2236432433128357
1.6 0.24427032470703125
1.7000000000000002 0.30159324407577515
1.8 0.3933705687522888
1.9000000000000001 0.4711534380912781
2.0 0.5121988654136658
2.1 0.5262270569801331
2.2 0.5375753045082092
2.3 0.5662325024604797
2.4000000000000004 0.6310591101646423
2.5 0.7204449772834778
2.6 0.78824383020401
2.7 0.853199303150177
2.8000000000000003 0.9141717553138733
2.9000000000000004 0.9746102690696716
3.0 1.037646770477295
3.1 1.0779805183410645
3.2 1.1036651134490967
3.3000000000000003 1.105541706085205
3.4000000000000004 1.0797255039215088
3.5 1.055845022201538
3.6 1.0690147876739502
3.7 1.0653600692749023
3.8000000000000003 1.061798334121704
3.9000000000000004 1.0582809448242188
4.0 1.0653784275054932
4.1 1.0727121829986572
4.2 1.0820012092590332
4.300000000000001 1.0895252227783203
4.4 1.0997421741485596
4.5 1.1321253776550293
4.6000000000000005 1.1571547985076904
4.7 1.1801142692565918
4.8 1.199692964553833
4.9 1.2111964225769043
5.0 1.223750114440918
5.1000000000000005 1.2448198795318604
5.2 1.2684292793273926
5.300000000000001 1.295389175415039
5.4 1.3276216983795166
5.5 1.3664782047271729
5.6000000000000005 1.4119911193847656
5.7 1.4584741592407227
5.800000000000001 1.477257251739502
5.9 1.4986364841461182
6.0 1.5242090225219727
