0.5 11.403632164001465
0.6 8.592547416687012
0.7 6.183213710784912
0.8 4.304027080535889
0.9 2.971799850463867
1.0 2.0119705200195312
1.1 1.200291395187378
1.2000000000000002 0.587497889995575
1.3 0.31647342443466187
1.4 0.23893779516220093
1.5 0.23195385932922363
1.6 0.2739136815071106
1.7000000000000002 0.37959736585617065
1.8 0.4980904459953308
1.9000000000000001 0.5645127892494202
2.0 0.5857194066047668
2.1 0.5835193991661072
2.2 0.5841291546821594
2.3 0.6105784773826599
2.4000000000000004 0.6722092032432556
2.5 0.752419650554657
2.6 0.8079670071601868
2.7 0.8602036833763123
2.8000000000000003 0.9182583689689636
2.9000000000000004 0.9780885577201843
3.0 1.0377235412597656
3.1 1.076988935470581
3.2 1.103545904159546
3.3000000000000003 1.1054282188415527
3.4000000000000004 1.0755500793457031
3.5 1.047680139541626
3.6 1.0587892532348633
3.7 1.0592596530914307
3.8000000000000003 1.0559067726135254
3.9000000000000004 1.0540282726287842
4.0 1.058180570602417
4.1 1.0660748481750488
4.2 1.076331615447998
4.300000000000001 1.0864689350128174
4.4 1.1068434715270996
4.5 1.1455519199371338
4.6000000000000005 1.1827962398529053
4.7 1.2191288471221924
4.8 1.2484452724456787
4.9 1.268357515335083
5.0 1.2912845611572266
5.1000000000000005 1.3203909397125244
5.2 1.3510901927947998
5.300000000000001 1.382413387298584
5.4 1.4179036617279053
5.5 1.4573307037353516
5.6000000000000005 1.5011041164398193
5.7 1.5349044799804688
5.800000000000001 1.5477137565612793
5.9 1.5606584548950195
6.0 1.575697422027588
