0.5 11.271620750427246
0.6 8.604745864868164
0.7 6.413753986358643
0.8 4.722172737121582
0.9 3.4824914932250977
1.0 2.4504153728485107
1.1 1.5366952419281006
1.2000000000000002 0.9044485688209534
1.3 0.6105002760887146
1.4 0.49971503019332886
1.5 0.4645290970802307
1.6 0.46350616216659546
1.7000000000000002 0.4923073649406433
1.8 0.5525382161140442
1.9000000000000001 0.6109508872032166
2.0 0.6409522891044617
2.1 0.6458229422569275
2.2 0.6427064538002014
2.3 0.6412215828895569
2.4000000000000004 0.6527530550956726
2.5 0.6762515902519226
2.6 0.7003369927406311
2.7 0.7331165671348572
2.8000000000000003 0.7747719883918762
2.9000000000000004 0.8235002160072327
3.0 0.874812662601471
3.1 0.9217758774757385
3.2 0.9714779257774353
3.3000000000000003 1.0216069221496582
3.4000000000000004 1.073150873184204
3.5 1.113713264465332
3.6 1.1275978088378906
3.7 1.1340837478637695
3.8000000000000003 1.1457087993621826
3.9000000000000004 1.1594445705413818
4.0 1.1759591102600098
4.1 1.188633680343628
4.2 1.2028868198394775
4.300000000000001 1.2195794582366943
4.4 1.2349672317504883
4.5 1.253175973892212
4.6000000000000005 1.2750749588012695
4.7 1.3009533882141113
4.8 1.3188159465789795
4.9 1.333730697631836
5.0 1.3542768955230713
5.1000000000000005 1.3804030418395996
5.2 1.4097228050231934
5.300000000000001 1.4424777030944824
5.4 1.4814510345458984
5.5 1.5248897075653076
5.6000000000000005 1.5731687545776367
5.7 1.6159567832946777
5.800000000000001 1.6304998397827148
5.9 1.642890214920044
6.0 1.6564059257507324
