0.5 12.79201602935791
0.6 9.829195022583008
0.7 7.256916522979736
0.8 5.121585845947266
0.9 3.5108861923217773
1.0 2.368785858154297
1.1 1.4642634391784668
1.2000000000000002 0.7667853236198425
1.3 0.41134876012802124
1.4 0.2960631251335144
1.5 0.2749168276786804
1.6 0.3011992573738098
1.7000000000000002 0.39700812101364136
1.8 0.5316588282585144
1.9000000000000001 0.6248453259468079
2.0 0.6579496264457703
2.1 0.6649178862571716
2.2 0.6604089140892029
2.3 0.6734955906867981
2.4000000000000004 0.7169150710105896
2.5 0.7884008288383484
2.6 0.8542265295982361
2.7 0.9004233479499817
2.8000000000000003 0.9494805932044983
2.9000000000000004 1.010223150253296
3.0 1.0795018672943115
3.1 1.1334960460662842
3.2 1.1721775531768799
3.3000000000000003 1.194697618484497
3.4000000000000004 1.1864218711853027
3.5 1.134829044342041
3.6 1.128096580505371
3.7 1.130568265914917
3.8000000000000003 1.1225435733795166
3.9000000000000004 1.11246657371521
4.0 1.1148700714111328
4.1 1.1228137016296387
4.2 1.138176441192627
4.300000000000001 1.154299020767212
4.4 1.1698472499847412
4.5 1.2158985137939453
4.6000000000000005 1.2598967552185059
4.7 1.3067030906677246
4.8 1.3462550640106201
4.9 1.3714964389801025
5.0 1.3974614143371582
5.1000000000000005 1.4304609298706055
5.2 1.4644551277160645
5.300000000000001 1.5011546611785889
5.4 1.539504051208496
5.5 1.5808851718902588
5.6000000000000005 1.6254096031188965
5.7 1.6740319728851318
5.800000000000001 1.678844690322876
5.9 1.678844690322876
6.0 1.678844690322876
