0.5 11.285466194152832
0.6 8.552145957946777
0.7 6.274850845336914
0.8 4.500916481018066
0.9 3.2063231468200684
1.0 2.169525384902954
1.1 1.291975736618042
1.2000000000000002 0.6923334002494812
1.3 0.4129263758659363
1.4 0.29969292879104614
1.5 0.2635950446128845
1.6 0.26146548986434937
1.7000000000000002 0.29973798990249634
1.8 0.3855566382408142
1.9000000000000001 0.46651405096054077
2.0 0.5024552941322327
2.1 0.503354012966156
2.2 0.48626023530960083
2.3 0.47643786668777466
2.4000000000000004 0.4773539900779724
2.5 0.4943057894706726
2.6 0.5120332837104797
2.7 0.5275095105171204
2.8000000000000003 0.5537320971488953
2.9000000000000004 0.591579020023346
3.0 0.6363345980644226
3.1 0.6776564717292786
3.2 0.7175398468971252
3.3000000000000003 0.759402334690094
3.4000000000000004 0.8054038882255554
3.5 0.8494858145713806
3.6 0.8810680508613586
3.7 0.899929940700531
3.8000000000000003 0.9114930033683777
3.9000000000000004 0.9272205233573914
4.0 0.9472112059593201
4.1 0.9662730097770691
4.2 0.9874514937400818
4.300000000000001 1.013376235961914
4.4 1.0394203662872314
4.5 1.067445993423462
4.6000000000000005 1.0974550247192383
4.7 1.1332533359527588
4.8 1.1645798683166504
4.9 1.1855649948120117
5.0 1.2098414897918701
5.1000000000000005 1.2403106689453125
5.2 1.272078037261963
5.300000000000001 1.3063452243804932
5.4 1.3440485000610352
5.5 1.3849916458129883
5.6000000000000005 1.4288134574890137
5.7 1.4758775234222412
5.800000000000001 1.4803330898284912
5.9 1.4803330898284912
6.0 1.4803330898284912
