0.5 12.62298583984375
0.6 9.771256446838379
0.7 7.4268107414245605
0.8 5.580784320831299
0.9 4.19154167175293
1.0 3.063546895980835
1.1 1.9901127815246582
1.2000000000000002 1.160231590270996
1.3 0.700560986995697
1.4 0.5208283066749573
1.5 0.4535459876060486
1.6 0.4369354844093323
1.7000000000000002 0.44411617517471313
1.8 0.47252994775772095
1.9000000000000001 0.5110908150672913
2.0 0.5369074940681458
2.1 0.5433308482170105
2.2 0.5417106747627258
2.3 0.5411079525947571
2.4000000000000004 0.5521015524864197
2.5 0.5785050988197327
2.6 0.6107417941093445
2.7 0.650669515132904
2.8000000000000003 0.7003025412559509
2.9000000000000004 0.7552376389503479
3.0 0.8125244975090027
3.1 0.8665429949760437
3.2 0.9213674664497375
3.3000000000000003 0.9768275618553162
3.4000000000000004 1.0360746383666992
3.5 1.0896778106689453
3.6 1.102781057357788
3.7 1.1083359718322754
3.8000000000000003 1.1146717071533203
3.9000000000000004 1.1221277713775635
4.0 1.1322684288024902
4.1 1.1396360397338867
4.2 1.1473422050476074
4.300000000000001 1.156949758529663
4.4 1.165018081665039
4.5 1.1737275123596191
4.6000000000000005 1.1861531734466553
4.7 1.2037932872772217
4.8 1.2190022468566895
4.9 1.2300286293029785
5.0 1.2438218593597412
5.1000000000000005 1.2640008926391602
5.2 1.288604736328125
5.300000000000001 1.3164589405059814
5.4 1.349862813949585
5.5 1.3885502815246582
5.6000000000000005 1.432619571685791
5.7 1.4764292240142822
5.800000000000001 1.5015144348144531
5.9 1.5230417251586914
6.0 1.5474810600280762
