0.5 11.717713356018066
0.6 8.885523796081543
0.7 6.449849605560303
0.8 4.527193546295166
0.9 3.1382102966308594
1.0 2.1530981063842773
1.1 1.3238112926483154
1.2000000000000002 0.6774879097938538
1.3 0.36602717638015747
1.4 0.26941221952438354
1.5 0.2548297047615051
1.6 0.28716498613357544
1.7000000000000002 0.3748016953468323
1.8 0.48087769746780396
1.9000000000000001 0.5427373051643372
2.0 0.5609267354011536
2.1 0.5541122555732727
2.2 0.5491424202919006
2.3 0.5667014718055725
2.4000000000000004 0.6218388676643372
2.5 0.6996344923973083
2.6 0.7639958262443542
2.7 0.8236050009727478
2.8000000000000003 0.888608992099762
2.9000000000000004 0.9548277258872986
3.0 1.0213878154754639
3.1 1.0716116428375244
3.2 1.1091866493225098
3.3000000000000003 1.1234126091003418
3.4000000000000004 1.1069905757904053
3.5 1.0754289627075195
3.6 1.0779283046722412
3.7 1.0654499530792236
3.8000000000000003 1.052788257598877
3.9000000000000004 1.0434682369232178
4.0 1.046107292175293
4.1 1.0524957180023193
4.2 1.063734531402588
4.300000000000001 1.0771138668060303
4.4 1.099534273147583
4.5 1.1431996822357178
4.6000000000000005 1.1854274272918701
4.7 1.2258856296539307
4.8 1.2534937858581543
4.9 1.2750535011291504
5.0 1.299396276473999
5.1000000000000005 1.3312163352966309
5.2 1.3642113208770752
5.300000000000001 1.3975961208343506
5.4 1.435112714767456
5.5 1.4769465923309326
5.6000000000000005 1.5226490497589111
5.7 1.5613000392913818
5.800000000000001 1.5752713680267334
5.9 1.5890064239501953
6.0 1.6047413349151611
