0.5 12.89351749420166
0.6 10.073423385620117
0.7 7.650787830352783
0.8 5.709432601928711
0.9 4.258944988250732
1.0 3.1674704551696777
1.1 2.180588960647583
1.2000000000000002 1.3596858978271484
1.3 0.8302740454673767
1.4 0.6083667874336243
1.5 0.5188062787055969
1.6 0.49196285009384155
1.7000000000000002 0.4991820454597473
1.8 0.5395010113716125
1.9000000000000001 0.596396267414093
2.0 0.6372308135032654
2.1 0.6502479910850525
2.2 0.6446786522865295
2.3 0.6405161023139954
2.4000000000000004 0.6482436060905457
2.5 0.6706104874610901
2.6 0.7024787068367004
2.7 0.736042320728302
2.8000000000000003 0.7793658375740051
2.9000000000000004 0.8287368416786194
3.0 0.8824620842933655
3.1 0.9357402920722961
3.2 0.9874960780143738
3.3000000000000003 1.0397515296936035
3.4000000000000004 1.0957152843475342
3.5 1.1476061344146729
3.6 1.1663224697113037
3.7 1.1704647541046143
3.8000000000000003 1.1744239330291748
3.9000000000000004 1.1822447776794434
4.0 1.1940577030181885
4.1 1.205629825592041
4.2 1.2195398807525635
4.300000000000001 1.2351977825164795
4.4 1.2512986660003662
4.5 1.2695763111114502
4.6000000000000005 1.2907652854919434
4.7 1.3170819282531738
4.8 1.3395063877105713
4.9 1.3541803359985352
5.0 1.3726377487182617
5.1000000000000005 1.397756576538086
5.2 1.4262895584106445
5.300000000000001 1.4577198028564453
5.4 1.494028091430664
5.5 1.5347445011138916
5.6000000000000005 1.5804448127746582
5.7 1.6312732696533203
5.800000000000001 1.66225266456604
5.9 1.675570011138916
6.0 1.6892297267913818
