0.5 19.61478614807129
0.6 15.959342956542969
0.7 12.755861282348633
0.8 10.017749786376953
0.9 7.7395339012146
1.0 5.872526168823242
1.1 4.273731231689453
1.2000000000000002 2.963651180267334
1.3 2.0266761779785156
1.4 1.388406753540039
1.5 0.9072136282920837
1.6 0.6878462433815002
1.7000000000000002 0.6268171668052673
1.8 0.6265704035758972
1.9000000000000001 0.6568507552146912
2.0 0.6962408423423767
2.1 0.7480782866477966
2.2 0.8034569621086121
2.3 0.8578892350196838
2.4000000000000004 0.91408771276474
2.5 0.9755606055259705
2.6 1.0446174144744873
2.7 1.1030614376068115
2.8000000000000003 1.1494629383087158
2.9000000000000004 1.1987390518188477
3.0 1.2529902458190918
3.1 1.3036091327667236
3.2 1.3412024974822998
3.3000000000000003 1.3632309436798096
3.4000000000000004 1.3744282722473145
3.5 1.383399486541748
3.6 1.3824529647827148
3.7 1.371582269668579
3.8000000000000003 1.3421275615692139
3.9000000000000004 1.3060970306396484
4.0 1.314840316772461
4.1 1.3345947265625
4.2 1.3591890335083008
4.300000000000001 1.386625051498413
4.4 1.414839267730713
4.5 1.4512629508972168
4.6000000000000005 1.4901597499847412
4.7 1.5292470455169678
4.8 1.5673739910125732
4.9 1.6069867610931396
5.0 1.6444718837738037
5.1000000000000005 1.6857099533081055
5.2 1.7350385189056396
5.300000000000001 1.785538673400879
5.4 1.822319746017456
5.5 1.8524963855743408
5.6000000000000005 1.8836579322814941
5.7 1.9159331321716309
5.800000000000001 1.941967248916626
5.9 1.941967248916626
6.0 1.941967248916626
