0.5 13.747393608093262
0.6 10.68754768371582
0.7 8.038690567016602
0.8 5.8734869956970215
0.9 4.179704666137695
1.0 2.9237473011016846
1.1 1.8713128566741943
1.2000000000000002 1.0234172344207764
1.3 0.5024682879447937
1.4 0.3157045245170593
1.5 0.26669102907180786
1.6 0.27153438329696655
1.7000000000000002 0.30863112211227417
1.8 0.3791508078575134
1.9000000000000001 0.4459461569786072
2.0 0.4777267575263977
2.1 0.4804752469062805
2.2 0.4787355065345764
2.3 0.4922007918357849
2.4000000000000004 0.5421931147575378
2.5 0.6227583289146423
2.6 0.7021369338035583
2.7 0.7734866738319397
2.8000000000000003 0.8512120842933655
2.9000000000000004 0.9256603121757507
3.0 1.0027039051055908
3.1 1.061314344406128
3.2 1.1071805953979492
3.3000000000000003 1.1295907497406006
3.4000000000000004 1.1224706172943115
3.5 1.0797057151794434
3.6 1.0944993495941162
3.7 1.0901525020599365
3.8000000000000003 1.080528974533081
3.9000000000000004 1.0709879398345947
4.0 1.071577548980713
4.1 1.07419753074646
4.2 1.0796325206756592
4.300000000000001 1.0852830410003662
4.4 1.0969867706298828
4.5 1.130828619003296
4.6000000000000005 1.1618022918701172
4.7 1.192748785018921
4.8 1.2158381938934326
4.9 1.2298412322998047
5.0 1.2437222003936768
5.1000000000000005 1.2650270462036133
5.2 1.2898902893066406
5.300000000000001 1.3160524368286133
5.4 1.3462297916412354
5.5 1.381256341934204
5.6000000000000005 1.4228119850158691
5.7 1.4647257328033447
5.800000000000001 1.4886810779571533
5.9 1.5099124908447266
6.0 1.5353772640228271
