0.5 10.44482421875
0.6 7.932698726654053
0.7 5.891237735748291
0.8 4.3351359367370605
0.9 3.1897692680358887
1.0 2.195958137512207
1.1 1.3516652584075928
1.2000000000000002 0.8136194348335266
1.3 0.5774610638618469
1.4 0.4877176880836487
1.5 0.45987504720687866
1.6 0.4645065665245056
1.7000000000000002 0.5034731030464172
1.8 0.5678446888923645
1.9000000000000001 0.6227474808692932
2.0 0.6496973633766174
2.1 0.6533655524253845
2.2 0.655373752117157
2.3 0.6607909798622131
2.4000000000000004 0.6816170811653137
2.5 0.7109723687171936
2.6 0.7382827401161194
2.7 0.7760877013206482
2.8000000000000003 0.8219477534294128
2.9000000000000004 0.8730650544166565
3.0 0.9261514544487
3.1 0.9761983752250671
3.2 1.0260639190673828
3.3000000000000003 1.0764212608337402
3.4000000000000004 1.1280086040496826
3.5 1.1532096862792969
3.6 1.1606543064117432
3.7 1.1654269695281982
3.8000000000000003 1.1720421314239502
3.9000000000000004 1.1818346977233887
4.0 1.1934208869934082
4.1 1.2051928043365479
4.2 1.2181923389434814
4.300000000000001 1.233734369277954
4.4 1.2504653930664062
4.5 1.2697913646697998
4.6000000000000005 1.2932946681976318
4.7 1.3154876232147217
4.8 1.3292875289916992
4.9 1.3463211059570312
5.0 1.3685903549194336
5.1000000000000005 1.3950796127319336
5.2 1.4248838424682617
5.300000000000001 1.4593381881713867
5.4 1.4981622695922852
5.5 1.5421226024627686
5.6000000000000005 1.5921549797058105
5.7 1.6271352767944336
5.800000000000001 1.6427547931671143
5.9 1.656078577041626
6.0 1.6709768772125244
