0.5 13.748744010925293
0.6 31.044048309326172
0.7 25.145963668823242
0.8 26.343027114868164
0.9 23.175283432006836
1.0 22.137052536010742
1.1 21.93643569946289
1.2000000000000002 21.53854751586914
1.3 19.95507049560547
1.4 16.397796630859375
1.5 12.93778133392334
1.6 10.1426362991333
1.7000000000000002 7.354954242706299
1.8 4.6237921714782715
1.9000000000000001 2.596193790435791
2.0 1.253406286239624
2.1 0.6227129101753235
2.2 0.43625086545944214
2.3 0.3653845191001892
2.4000000000000004 0.3436364531517029
2.5 0.34124940633773804
2.6 0.3428894877433777
2.7 0.3444598317146301
2.8000000000000003 0.34711140394210815
2.9000000000000004 0.36303240060806274
3.0 0.38401657342910767
3.1 0.4142541289329529
3.2 0.4392055869102478
3.3000000000000003 0.44660264253616333
3.4000000000000004 0.4523150324821472
3.5 0.4608404040336609
3.6 0.4655066132545471
3.7 0.47006088495254517
3.8000000000000003 0.4710215926170349
3.9000000000000004 0.47943824529647827
4.0 0.4762505888938904
4.1 0.47112780809402466
4.2 0.47226661443710327
4.300000000000001 0.4813089966773987
4.4 0.5029122233390808
4.5 0.5311413407325745
4.6000000000000005 0.5650874972343445
4.7 0.6000080704689026
4.8 0.6439797282218933
4.9 0.6926937699317932
5.0 0.751157820224762
5.1000000000000005 0.8116951584815979
5.2 0.8232777714729309
5.300000000000001 0.8343749642372131
5.4 0.8463008999824524
5.5 0.859903872013092
5.6000000000000005 0.8740788102149963
5.7 0.8884283900260925
5.800000000000001 0.9036106467247009
5.9 0.9195521473884583
6.0 0.9339619278907776
