0.5 11.387011528015137
0.6 8.685235977172852
0.7 6.434178352355957
0.8 4.659403324127197
0.9 3.344008445739746
1.0 2.2914302349090576
1.1 1.377997636795044
1.2000000000000002 0.7375721335411072
1.3 0.43221765756607056
1.4 0.3082655072212219
1.5 0.265508234500885
1.6 0.26076942682266235
1.7000000000000002 0.29782575368881226
1.8 0.3840194344520569
1.9000000000000001 0.46678251028060913
2.0 0.5065571665763855
2.1 0.5123098492622375
2.2 0.49941951036453247
2.3 0.4938226342201233
2.4000000000000004 0.4982042908668518
2.5 0.5182687640190125
2.6 0.5344577431678772
2.7 0.5503879189491272
2.8000000000000003 0.57806795835495
2.9000000000000004 0.6185556054115295
3.0 0.6670458912849426
3.1 0.7104532122612
3.2 0.7514392733573914
3.3000000000000003 0.7933028340339661
3.4000000000000004 0.83786541223526
3.5 0.8809682726860046
3.6 0.9081693291664124
3.7 0.925469696521759
3.8000000000000003 0.9442127346992493
3.9000000000000004 0.9576687216758728
4.0 0.9750773310661316
4.1 0.9915725588798523
4.2 1.0095620155334473
4.300000000000001 1.0324358940124512
4.4 1.055375576019287
4.5 1.0810136795043945
4.6000000000000005 1.108745813369751
4.7 1.142547845840454
4.8 1.1736369132995605
4.9 1.193589210510254
5.0 1.2168874740600586
5.1000000000000005 1.2463488578796387
5.2 1.2770462036132812
5.300000000000001 1.3103671073913574
5.4 1.3472421169281006
5.5 1.3872506618499756
5.6000000000000005 1.4301629066467285
5.7 1.4763619899749756
5.800000000000001 1.4803330898284912
5.9 1.4803330898284912
6.0 1.4803330898284912
