0.5 11.835249900817871
0.6 9.00879192352295
0.7 6.575193405151367
0.8 4.662808418273926
0.9 3.2953686714172363
1.0 2.2999870777130127
1.1 1.4525094032287598
1.2000000000000002 0.8212147355079651
1.3 0.5492908358573914
1.4 0.47432297468185425
1.5 0.4687308669090271
1.6 0.5066649317741394
1.7000000000000002 0.6020473837852478
1.8 0.7159234881401062
1.9000000000000001 0.7834393382072449
2.0 0.8069815039634705
2.1 0.8068581223487854
2.2 0.808829128742218
2.3 0.8338063359260559
2.4000000000000004 0.8916947245597839
2.5 0.9685387015342712
2.6 1.0237922668457031
2.7 1.0782616138458252
2.8000000000000003 1.1381187438964844
2.9000000000000004 1.1996831893920898
3.0 1.2616758346557617
3.1 1.3041141033172607
3.2 1.33555006980896
3.3000000000000003 1.3437988758087158
3.4000000000000004 1.3211669921875
3.5 1.2974884510040283
3.6 1.3088405132293701
3.7 1.3094241619110107
3.8000000000000003 1.3065104484558105
3.9000000000000004 1.3057582378387451
4.0 1.3105690479278564
4.1 1.3191242218017578
4.2 1.3300111293792725
4.300000000000001 1.340886116027832
4.4 1.362083911895752
4.5 1.3999645709991455
4.6000000000000005 1.4363138675689697
4.7 1.4721298217773438
4.8 1.5009605884552002
4.9 1.520944356918335
5.0 1.5438542366027832
5.1000000000000005 1.5726110935211182
5.2 1.602783203125
5.300000000000001 1.6334378719329834
5.4 1.6683030128479004
5.5 1.7067582607269287
5.6000000000000005 1.7497165203094482
5.7 1.7829127311706543
5.800000000000001 1.7960479259490967
5.9 1.8093972206115723
6.0 1.8248779773712158
