0.5 8.87244701385498
0.6 7.853455066680908
0.7 6.633121967315674
0.8 5.231832981109619
0.9 3.851261615753174
1.0 2.7623119354248047
1.1 1.9234809875488281
1.2000000000000002 1.2016737461090088
1.3 0.6713612675666809
1.4 0.41782182455062866
1.5 0.336497962474823
1.6 0.3232432007789612
1.7000000000000002 0.3263358473777771
1.8 0.33657199144363403
1.9000000000000001 0.3516162037849426
2.0 0.3719077706336975
2.1 0.4125717282295227
2.2 0.46425336599349976
2.3 0.53317791223526
2.4000000000000004 0.6159296631813049
2.5 0.712242066860199
2.6 0.7968565821647644
2.7 0.8571780323982239
2.8000000000000003 0.9014903903007507
2.9000000000000004 0.9586107134819031
3.0 1.0179557800292969
3.1 1.0720152854919434
3.2 1.1227290630340576
3.3000000000000003 1.1756694316864014
3.4000000000000004 1.2158193588256836
3.5 1.2323849201202393
3.6 1.2259070873260498
3.7 1.1854403018951416
3.8000000000000003 1.1378073692321777
3.9000000000000004 1.0784058570861816
4.0 1.0275766849517822
4.1 0.9812642931938171
4.2 1.0044293403625488
4.300000000000001 1.0576517581939697
4.4 1.1097731590270996
4.5 1.1658780574798584
4.6000000000000005 1.2156949043273926
4.7 1.2678635120391846
4.8 1.3113315105438232
4.9 1.3398442268371582
5.0 1.3693568706512451
5.1000000000000005 1.4067144393920898
5.2 1.4439239501953125
5.300000000000001 1.4835281372070312
5.4 1.5242547988891602
5.5 1.5677180290222168
5.6000000000000005 1.6138923168182373
5.7 1.662855625152588
5.800000000000001 1.6658227443695068
5.9 1.6658227443695068
6.0 1.6658227443695068
