0.5 13.715895652770996
0.6 10.7267427444458
0.7 8.092918395996094
0.8 5.906331539154053
0.9 4.225183010101318
1.0 3.0223894119262695
1.1 2.061953544616699
1.2000000000000002 1.2764003276824951
1.3 0.7785598635673523
1.4 0.5992638468742371
1.5 0.5558151602745056
1.6 0.5688579678535461
1.7000000000000002 0.6256527304649353
1.8 0.7198196053504944
1.9000000000000001 0.7977622151374817
2.0 0.8332521319389343
2.1 0.8372464776039124
2.2 0.8353028893470764
2.3 0.8476892113685608
2.4000000000000004 0.8926951289176941
2.5 0.966653048992157
2.6 1.0451538562774658
2.7 1.109865427017212
2.8000000000000003 1.1781690120697021
2.9000000000000004 1.2435898780822754
3.0 1.3125758171081543
3.1 1.3695759773254395
3.2 1.412414789199829
3.3000000000000003 1.434657096862793
3.4000000000000004 1.4250178337097168
3.5 1.3792798519134521
3.6 1.3804292678833008
3.7 1.3709912300109863
3.8000000000000003 1.3545925617218018
3.9000000000000004 1.3408167362213135
4.0 1.3381030559539795
4.1 1.341219186782837
4.2 1.3504841327667236
4.300000000000001 1.361867904663086
4.4 1.3749220371246338
4.5 1.419560194015503
4.6000000000000005 1.4628379344940186
4.7 1.502516746520996
4.8 1.5307750701904297
4.9 1.5536251068115234
5.0 1.5776410102844238
5.1000000000000005 1.608957052230835
5.2 1.6416516304016113
5.300000000000001 1.677361011505127
5.4 1.7160570621490479
5.5 1.7601845264434814
5.6000000000000005 1.8097069263458252
5.7 1.8618319034576416
5.800000000000001 1.8916010856628418
5.9 1.9068596363067627
6.0 1.9238951206207275
