0.5 11.213533401489258
0.6 8.547036170959473
0.7 6.307549953460693
0.8 4.548888683319092
0.9 3.260692596435547
1.0 2.235097885131836
1.1 1.353527545928955
1.2000000000000002 0.7233343720436096
1.3 0.42618435621261597
1.4 0.3043223023414612
1.5 0.2644950747489929
1.6 0.2632046341896057
1.7000000000000002 0.3143598437309265
1.8 0.4217934012413025
1.9000000000000001 0.5182674527168274
2.0 0.5615400671958923
2.1 0.5667749047279358
2.2 0.5502638220787048
2.3 0.5375974774360657
2.4000000000000004 0.5367595553398132
2.5 0.5525994896888733
2.6 0.5663918852806091
2.7 0.5768638253211975
2.8000000000000003 0.6005900502204895
2.9000000000000004 0.6371726393699646
3.0 0.6819717288017273
3.1 0.7207871079444885
3.2 0.7559701800346375
3.3000000000000003 0.7913209795951843
3.4000000000000004 0.825738251209259
3.5 0.8603716492652893
3.6 0.8820120692253113
3.7 0.892863929271698
3.8000000000000003 0.9034457802772522
3.9000000000000004 0.9194156527519226
4.0 0.9365426898002625
4.1 0.9546765685081482
4.2 0.9745272994041443
4.300000000000001 0.9994412064552307
4.4 1.0238487720489502
4.5 1.0503227710723877
4.6000000000000005 1.0797958374023438
4.7 1.115699291229248
4.8 1.1540391445159912
4.9 1.1846156120300293
5.0 1.2148668766021729
5.1000000000000005 1.2442948818206787
5.2 1.275083065032959
5.300000000000001 1.308537244796753
5.4 1.3455743789672852
5.5 1.3858180046081543
5.6000000000000005 1.429018259048462
5.7 1.4757084846496582
5.800000000000001 1.4803330898284912
5.9 1.4803330898284912
6.0 1.4803330898284912
