0.5 11.559657096862793
0.6 8.779532432556152
0.7 6.4114484786987305
0.8 4.561338901519775
0.9 3.238975763320923
1.0 2.2408604621887207
1.1 1.3987336158752441
1.2000000000000002 0.8010149598121643
1.3 0.5613904595375061
1.4 0.4972624182701111
1.5 0.4973830580711365
1.6 0.543282687664032
1.7000000000000002 0.641202986240387
1.8 0.7430846095085144
1.9000000000000001 0.7994127869606018
2.0 0.8192189335823059
2.1 0.8208429217338562
2.2 0.8270711302757263
2.3 0.8632542490959167
2.4000000000000004 0.9310864806175232
2.5 1.0121092796325684
2.6 1.0731983184814453
2.7 1.1360604763031006
2.8000000000000003 1.1975984573364258
2.9000000000000004 1.2628989219665527
3.0 1.3212003707885742
3.1 1.362452745437622
3.2 1.3886997699737549
3.3000000000000003 1.3843998908996582
3.4000000000000004 1.3458912372589111
3.5 1.3295302391052246
3.6 1.3383617401123047
3.7 1.3336365222930908
3.8000000000000003 1.3282787799835205
3.9000000000000004 1.3272616863250732
4.0 1.3343889713287354
4.1 1.3430116176605225
4.2 1.352325439453125
4.300000000000001 1.3601830005645752
4.4 1.3893475532531738
4.5 1.4264376163482666
4.6000000000000005 1.4640529155731201
4.7 1.4990379810333252
4.8 1.5204389095306396
4.9 1.5407745838165283
5.0 1.5662932395935059
5.1000000000000005 1.594778060913086
5.2 1.6258060932159424
5.300000000000001 1.6606531143188477
5.4 1.6985607147216797
5.5 1.7420215606689453
5.6000000000000005 1.7916855812072754
5.7 1.8255963325500488
5.800000000000001 1.8417212963104248
5.9 1.8561863899230957
6.0 1.8724076747894287
