0.5 12.217865943908691
0.6 9.343724250793457
0.7 6.87453556060791
0.8 4.897271156311035
0.9 3.4449172019958496
1.0 2.4064483642578125
1.1 1.532585620880127
1.2000000000000002 0.8772334456443787
1.3 0.573211133480072
1.4 0.48819977045059204
1.5 0.4793148636817932
1.6 0.5108750462532043
1.7000000000000002 0.5938032269477844
1.8 0.7036176323890686
1.9000000000000001 0.7763823866844177
2.0 0.8065394759178162
2.1 0.8123272061347961
2.2 0.8182803988456726
2.3 0.8446384072303772
2.4000000000000004 0.9047703146934509
2.5 0.9858785271644592
2.6 1.0479669570922852
2.7 1.1063544750213623
2.8000000000000003 1.1690757274627686
2.9000000000000004 1.232922077178955
3.0 1.2980918884277344
3.1 1.3469290733337402
3.2 1.384706735610962
3.3000000000000003 1.399935245513916
3.4000000000000004 1.3861021995544434
3.5 1.3578832149505615
3.6 1.3695094585418701
3.7 1.3632481098175049
3.8000000000000003 1.352036714553833
3.9000000000000004 1.3429832458496094
4.0 1.3453633785247803
4.1 1.3507342338562012
4.2 1.3600287437438965
4.300000000000001 1.371018648147583
4.4 1.3894679546356201
4.5 1.428910732269287
4.6000000000000005 1.4649856090545654
4.7 1.500983715057373
4.8 1.5239577293395996
4.9 1.5434751510620117
5.0 1.5653207302093506
5.1000000000000005 1.593940019607544
5.2 1.6233406066894531
5.300000000000001 1.6537046432495117
5.4 1.6888937950134277
5.5 1.727548360824585
5.6000000000000005 1.7710535526275635
5.7 1.8079402446746826
5.800000000000001 1.8206968307495117
5.9 1.833359718322754
6.0 1.8481760025024414
