0.5 10.024114608764648
0.6 7.528758525848389
0.7 5.517565727233887
0.8 3.994655132293701
0.9 2.8821284770965576
1.0 1.9194519519805908
1.1 1.0998246669769287
1.2000000000000002 0.5672854781150818
1.3 0.3266693949699402
1.4 0.231056809425354
1.5 0.19753777980804443
1.6 0.1980762481689453
1.7000000000000002 0.23645365238189697
1.8 0.30242234468460083
1.9000000000000001 0.35764139890670776
2.0 0.3826908469200134
2.1 0.38199907541275024
2.2 0.376669704914093
2.3 0.380062997341156
2.4000000000000004 0.39830440282821655
2.5 0.4274652600288391
2.6 0.454387366771698
2.7 0.4920281767845154
2.8000000000000003 0.5392042994499207
2.9000000000000004 0.5916574597358704
3.0 0.645811140537262
3.1 0.6966471076011658
3.2 0.7469516396522522
3.3000000000000003 0.7974266409873962
3.4000000000000004 0.8473779559135437
3.5 0.8727322220802307
3.6 0.8803855776786804
3.7 0.8841919302940369
3.8000000000000003 0.8913440108299255
3.9000000000000004 0.9014248251914978
4.0 0.913267195224762
4.1 0.92527836561203
4.2 0.9386836886405945
4.300000000000001 0.9541940093040466
4.4 0.9717074036598206
4.5 0.9925796389579773
4.6000000000000005 1.0184249877929688
4.7 1.041839599609375
4.8 1.0561611652374268
4.9 1.0736875534057617
5.0 1.096508264541626
5.1000000000000005 1.1236910820007324
5.2 1.1541590690612793
5.300000000000001 1.189256191253662
5.4 1.2287273406982422
5.5 1.2733452320098877
5.6000000000000005 1.3239238262176514
5.7 1.35947585105896
5.800000000000001 1.3749566078186035
5.9 1.388164758682251
6.0 1.4029276371002197
