0.5 11.763201713562012
0.6 8.912467002868652
0.7 6.475858688354492
0.8 4.536219120025635
0.9 3.1211631298065186
1.0 2.118617296218872
1.1 1.2812480926513672
1.2000000000000002 0.6471436619758606
1.3 0.34625786542892456
1.4 0.2592450976371765
1.5 0.24912899732589722
1.6 0.2842544913291931
1.7000000000000002 0.3776635527610779
1.8 0.49310582876205444
1.9000000000000001 0.5650871396064758
2.0 0.5931671261787415
2.1 0.596987783908844
2.2 0.6022575497627258
2.3 0.6314504742622375
2.4000000000000004 0.697065532207489
2.5 0.7828441262245178
2.6 0.8463318943977356
2.7 0.9034458994865417
2.8000000000000003 0.9648186564445496
2.9000000000000004 1.026982069015503
3.0 1.0895171165466309
3.1 1.1347150802612305
3.2 1.1673195362091064
3.3000000000000003 1.1759932041168213
3.4000000000000004 1.1538660526275635
3.5 1.1206514835357666
3.6 1.1314117908477783
3.7 1.1243746280670166
3.8000000000000003 1.1118977069854736
3.9000000000000004 1.101966142654419
4.0 1.103194236755371
4.1 1.1077768802642822
4.2 1.1160590648651123
4.300000000000001 1.1260333061218262
4.4 1.1443421840667725
4.5 1.1845653057098389
4.6000000000000005 1.2215003967285156
4.7 1.2579586505889893
4.8 1.2806639671325684
4.9 1.3002686500549316
5.0 1.3222503662109375
5.1000000000000005 1.3510870933532715
5.2 1.3808841705322266
5.300000000000001 1.4118213653564453
5.4 1.4478049278259277
5.5 1.487102746963501
5.6000000000000005 1.5316414833068848
5.7 1.5686452388763428
5.800000000000001 1.5811233520507812
5.9 1.5934500694274902
6.0 1.6078898906707764
