0.5 12.949320793151855
0.6 9.992053031921387
0.7 7.4432759284973145
0.8 5.399497985839844
0.9 3.8756251335144043
1.0 2.7766780853271484
1.1 1.8330488204956055
1.2000000000000002 1.0547142028808594
1.3 0.6263945698738098
1.4 0.4941403269767761
1.5 0.4672037959098816
1.6 0.48175352811813354
1.7000000000000002 0.5234560370445251
1.8 0.5905258059501648
1.9000000000000001 0.6506100296974182
2.0 0.6808900237083435
2.1 0.6856951117515564
2.2 0.6836538910865784
2.3 0.6981038451194763
2.4000000000000004 0.7435268759727478
2.5 0.8162084221839905
2.6 0.8884126543998718
2.7 0.9609606862068176
2.8000000000000003 1.0333716869354248
2.9000000000000004 1.107555627822876
3.0 1.1855123043060303
3.1 1.2479751110076904
3.2 1.2972798347473145
3.3000000000000003 1.3249456882476807
3.4000000000000004 1.3261699676513672
3.5 1.3052198886871338
3.6 1.3146436214447021
3.7 1.305661916732788
3.8000000000000003 1.296410083770752
3.9000000000000004 1.2882342338562012
4.0 1.2887804508209229
4.1 1.2915565967559814
4.2 1.2981643676757812
4.300000000000001 1.3049545288085938
4.4 1.3182735443115234
4.5 1.3499677181243896
4.6000000000000005 1.3785715103149414
4.7 1.4044454097747803
4.8 1.4253323078155518
4.9 1.4414846897125244
5.0 1.4581634998321533
5.1000000000000005 1.482165813446045
5.2 1.5086548328399658
5.300000000000001 1.5379478931427002
5.4 1.5719177722930908
5.5 1.6101455688476562
5.6000000000000005 1.6561861038208008
5.7 1.7014925479888916
5.800000000000001 1.722273588180542
5.9 1.7431273460388184
6.0 1.7682960033416748
