0.5 13.980113983154297
0.6 10.94914722442627
0.7 8.254884719848633
0.8 5.990378379821777
0.9 4.249449253082275
1.0 3.030047655105591
1.1 2.081249952316284
1.2000000000000002 1.2756257057189941
1.3 0.7456421256065369
1.4 0.5469178557395935
1.5 0.4970477223396301
1.6 0.5022616982460022
1.7000000000000002 0.5508682131767273
1.8 0.6466698050498962
1.9000000000000001 0.7362068295478821
2.0 0.7793353199958801
2.1 0.78836590051651
2.2 0.7807957530021667
2.3 0.7841513752937317
2.4000000000000004 0.8139240145683289
2.5 0.8761345744132996
2.6 0.9491516947746277
2.7 1.0083725452423096
2.8000000000000003 1.0713448524475098
2.9000000000000004 1.1374561786651611
3.0 1.2062747478485107
3.1 1.267819881439209
3.2 1.315873146057129
3.3000000000000003 1.3497543334960938
3.4000000000000004 1.3615412712097168
3.5 1.3339369297027588
3.6 1.3259007930755615
3.7 1.3222627639770508
3.8000000000000003 1.310452938079834
3.9000000000000004 1.2989132404327393
4.0 1.2970426082611084
4.1 1.3006138801574707
4.2 1.3116023540496826
4.300000000000001 1.3249890804290771
4.4 1.3383893966674805
4.5 1.374480962753296
4.6000000000000005 1.4158577919006348
4.7 1.4568593502044678
4.8 1.4933605194091797
4.9 1.5170071125030518
5.0 1.5388519763946533
5.1000000000000005 1.566929817199707
5.2 1.598900556564331
5.300000000000001 1.631690263748169
5.4 1.6654562950134277
5.5 1.7049541473388672
5.6000000000000005 1.7473783493041992
5.7 1.7957663536071777
5.800000000000001 1.8199701309204102
5.9 1.8324012756347656
6.0 1.8474373817443848
