0.5 11.74356460571289
0.6 8.985915184020996
0.7 6.6748857498168945
0.8 4.869867324829102
0.9 3.546065330505371
1.0 2.4768314361572266
1.1 1.5660781860351562
1.2000000000000002 0.9431309103965759
1.3 0.6555917859077454
1.4 0.5426071286201477
1.5 0.509004533290863
1.6 0.5088086724281311
1.7000000000000002 0.5430435538291931
1.8 0.619568407535553
1.9000000000000001 0.6958188414573669
2.0 0.7312982678413391
2.1 0.7336066365242004
2.2 0.719276487827301
2.3 0.7135686278343201
2.4000000000000004 0.7166318297386169
2.5 0.7352144122123718
2.6 0.7538357377052307
2.7 0.7712484002113342
2.8000000000000003 0.7986524701118469
2.9000000000000004 0.8367850184440613
3.0 0.881825864315033
3.1 0.9242791533470154
3.2 0.9659947752952576
3.3000000000000003 1.0105693340301514
3.4000000000000004 1.0597774982452393
3.5 1.1080100536346436
3.6 1.1411464214324951
3.7 1.1607515811920166
3.8000000000000003 1.1725616455078125
3.9000000000000004 1.188718318939209
4.0 1.2090439796447754
4.1 1.2286710739135742
4.2 1.2502758502960205
4.300000000000001 1.276811122894287
4.4 1.3036725521087646
4.5 1.3315393924713135
4.6000000000000005 1.3609647750854492
4.7 1.3962268829345703
4.8 1.4275922775268555
4.9 1.448491096496582
5.0 1.4727141857147217
5.1000000000000005 1.5030391216278076
5.2 1.5345098972320557
5.300000000000001 1.5683588981628418
5.4 1.6054930686950684
5.5 1.645766019821167
5.6000000000000005 1.6887507438659668
5.7 1.734893798828125
5.800000000000001 1.7393066883087158
5.9 1.7393066883087158
6.0 1.7393066883087158
