0.5 19.306516647338867
0.6 23.838388442993164
0.7 23.906827926635742
0.8 25.693477630615234
0.9 23.2994441986084
1.0 22.66980743408203
1.1 22.9757022857666
1.2000000000000002 22.463356018066406
1.3 21.375064849853516
1.4 19.14266014099121
1.5 15.331592559814453
1.6 11.391064643859863
1.7000000000000002 8.155777931213379
1.8 5.5381059646606445
1.9000000000000001 3.4467101097106934
2.0 1.8765084743499756
2.1 0.9244126677513123
2.2 0.5346720814704895
2.3 0.40896791219711304
2.4000000000000004 0.3665192723274231
2.5 0.36480122804641724
2.6 0.3899741768836975
2.7 0.4299338459968567
2.8000000000000003 0.47453993558883667
2.9000000000000004 0.5173997282981873
3.0 0.5678115487098694
3.1 0.6274296641349792
3.2 0.6918804049491882
3.3000000000000003 0.7636098265647888
3.4000000000000004 0.8356290459632874
3.5 0.9099316000938416
3.6 0.9732040762901306
3.7 1.0236692428588867
3.8000000000000003 1.0730717182159424
3.9000000000000004 1.1184582710266113
4.0 1.1575019359588623
4.1 1.192692756652832
4.2 1.2292017936706543
4.300000000000001 1.2672927379608154
4.4 1.307673692703247
4.5 1.3485875129699707
4.6000000000000005 1.346947431564331
4.7 1.3471450805664062
4.8 1.3457767963409424
4.9 1.3472282886505127
5.0 1.3522958755493164
5.1000000000000005 1.3589463233947754
5.2 1.3668088912963867
5.300000000000001 1.3756556510925293
5.4 1.3855383396148682
5.5 1.3974688053131104
5.6000000000000005 1.411388635635376
5.7 1.4272606372833252
5.800000000000001 1.4449875354766846
5.9 1.4635403156280518
6.0 1.480332374572754
