0.5 15.258106231689453
0.6 20.675018310546875
0.7 19.4029483795166
0.8 20.482507705688477
0.9 18.090482711791992
1.0 17.446956634521484
1.1 17.513927459716797
1.2000000000000002 16.843420028686523
1.3 16.19384765625
1.4 14.748505592346191
1.5 11.756448745727539
1.6 8.831792831420898
1.7000000000000002 6.608981609344482
1.8 4.598971366882324
1.9000000000000001 2.8716306686401367
2.0 1.6122081279754639
2.1 0.9277163147926331
2.2 0.6597725749015808
2.3 0.5584040284156799
2.4000000000000004 0.5176718831062317
2.5 0.5078040957450867
2.6 0.515293300151825
2.7 0.5328312516212463
2.8000000000000003 0.5558337569236755
2.9000000000000004 0.5800283551216125
3.0 0.6101309657096863
3.1 0.6498863101005554
3.2 0.6986185908317566
3.3000000000000003 0.7549192309379578
3.4000000000000004 0.8134743571281433
3.5 0.8638096451759338
3.6 0.9091632962226868
3.7 0.9501927495002747
3.8000000000000003 0.9880287051200867
3.9000000000000004 1.0216431617736816
4.0 1.0554602146148682
4.1 1.088688850402832
4.2 1.1242985725402832
4.300000000000001 1.1593873500823975
4.4 1.1713366508483887
4.5 1.1824235916137695
4.6000000000000005 1.1965692043304443
4.7 1.2147212028503418
4.8 1.232372522354126
4.9 1.2532660961151123
5.0 1.277263879776001
5.1000000000000005 1.2999930381774902
5.2 1.3108665943145752
5.300000000000001 1.3221697807312012
5.4 1.3340392112731934
5.5 1.3476054668426514
5.6000000000000005 1.3631036281585693
5.7 1.3808832168579102
5.800000000000001 1.40047287940979
5.9 1.4210231304168701
6.0 1.4396662712097168
