0.5 12.609188079833984
0.6 9.63506031036377
0.7 7.045530319213867
0.8 4.91705846786499
0.9 3.350224018096924
1.0 2.2558116912841797
1.1 1.3866159915924072
1.2000000000000002 0.7180848717689514
1.3 0.3879542946815491
1.4 0.282448947429657
1.5 0.265449583530426
1.6 0.2917465567588806
1.7000000000000002 0.3839274048805237
1.8 0.5141617655754089
1.9000000000000001 0.6034483313560486
2.0 0.6321699023246765
2.1 0.6340678334236145
2.2 0.6263630986213684
2.3 0.6329991221427917
2.4000000000000004 0.6693214774131775
2.5 0.7341778874397278
2.6 0.7985880970954895
2.7 0.8423392176628113
2.8000000000000003 0.8894724249839783
2.9000000000000004 0.9462057948112488
3.0 1.0106472969055176
3.1 1.0622963905334473
3.2 1.1016695499420166
3.3000000000000003 1.1273086071014404
3.4000000000000004 1.1236562728881836
3.5 1.0748264789581299
3.6 1.0753915309906006
3.7 1.0782783031463623
3.8000000000000003 1.075134038925171
3.9000000000000004 1.067732334136963
4.0 1.0728380680084229
4.1 1.0828533172607422
4.2 1.1014578342437744
4.300000000000001 1.1203782558441162
4.4 1.138683557510376
4.5 1.1847591400146484
4.6000000000000005 1.2310526371002197
4.7 1.2797980308532715
4.8 1.3206660747528076
4.9 1.3485260009765625
5.0 1.3772165775299072
5.1000000000000005 1.413212776184082
5.2 1.4499309062957764
5.300000000000001 1.4894015789031982
5.4 1.5305848121643066
5.5 1.5750634670257568
5.6000000000000005 1.622798204421997
5.7 1.6744611263275146
5.800000000000001 1.678844690322876
5.9 1.678844690322876
6.0 1.678844690322876
