0.5 12.895176887512207
0.6 10.07482624053955
0.7 7.652088642120361
0.8 5.71061372756958
0.9 4.2599382400512695
1.0 3.168335199356079
1.1 2.1812632083892822
1.2000000000000002 1.360121488571167
1.3 0.830516517162323
1.4 0.6084924340248108
1.5 0.5188780426979065
1.6 0.4920063614845276
1.7000000000000002 0.4992203116416931
1.8 0.5395329594612122
1.9000000000000001 0.5964301228523254
2.0 0.6372777819633484
2.1 0.6502805352210999
2.2 0.6447246670722961
2.3 0.6405672430992126
2.4000000000000004 0.6483001112937927
2.5 0.6706739068031311
2.6 0.7025416493415833
2.7 0.7361101508140564
2.8000000000000003 0.7794386744499207
2.9000000000000004 0.828800618648529
3.0 0.8825194239616394
3.1 0.935786783695221
3.2 0.9875468611717224
3.3000000000000003 1.0397915840148926
3.4000000000000004 1.0957527160644531
3.5 1.1476454734802246
3.6 1.1663436889648438
3.7 1.1704809665679932
3.8000000000000003 1.1744437217712402
3.9000000000000004 1.1822493076324463
4.0 1.1940643787384033
4.1 1.205632209777832
4.2 1.2195460796356201
4.300000000000001 1.2352032661437988
4.4 1.2512967586517334
4.5 1.269580364227295
4.6000000000000005 1.2907710075378418
4.7 1.3170840740203857
4.8 1.3394989967346191
4.9 1.3541665077209473
5.0 1.3726344108581543
5.1000000000000005 1.3977558612823486
5.2 1.4262893199920654
5.300000000000001 1.45772123336792
5.4 1.494034767150879
5.5 1.5347511768341064
5.6000000000000005 1.5804533958435059
5.7 1.631291389465332
5.800000000000001 1.6622676849365234
5.9 1.6755938529968262
6.0 1.689255952835083
