0.5 12.114143371582031
0.6 9.291339874267578
0.7 6.983118057250977
0.8 5.173207759857178
0.9 3.8232626914978027
1.0 2.738593101501465
1.1 1.7110300064086914
1.2000000000000002 0.919312059879303
1.3 0.46613043546676636
1.4 0.28547173738479614
1.5 0.21498531103134155
1.6 0.1956310272216797
1.7000000000000002 0.20184719562530518
1.8 0.2336302399635315
1.9000000000000001 0.2775450348854065
2.0 0.30608946084976196
2.1 0.31221407651901245
2.2 0.308499276638031
2.3 0.3056965470314026
2.4000000000000004 0.31613296270370483
2.5 0.34256428480148315
2.6 0.3749696612358093
2.7 0.41486161947250366
2.8000000000000003 0.465171754360199
2.9000000000000004 0.5210091471672058
3.0 0.5791826844215393
3.1 0.6335449814796448
3.2 0.6883489489555359
3.3000000000000003 0.7433022856712341
3.4000000000000004 0.8007631897926331
3.5 0.851437509059906
3.6 0.8641493916511536
3.7 0.8692074418067932
3.8000000000000003 0.8750701546669006
3.9000000000000004 0.8816501498222351
4.0 0.8911202549934387
4.1 0.8976770043373108
4.2 0.9045208096504211
4.300000000000001 0.9133211970329285
4.4 0.9207845330238342
4.5 0.9297826886177063
4.6000000000000005 0.9428345561027527
4.7 0.9612119793891907
4.8 0.9761924147605896
4.9 0.987208902835846
5.0 1.0014221668243408
5.1000000000000005 1.0219340324401855
5.2 1.047107458114624
5.300000000000001 1.075514793395996
5.4 1.109675645828247
5.5 1.1492128372192383
5.6000000000000005 1.1941773891448975
5.7 1.2384579181671143
5.800000000000001 1.2634117603302002
5.9 1.2848055362701416
6.0 1.3089895248413086
