0.5 11.743837356567383
0.6 8.986163139343262
0.7 6.675051212310791
0.8 4.870020866394043
0.9 3.546168327331543
1.0 2.476924180984497
1.1 1.5661497116088867
1.2000000000000002 0.9431665539741516
1.3 0.6555959582328796
1.4 0.5426029562950134
1.5 0.5089929699897766
1.6 0.5087999701499939
1.7000000000000002 0.5430194735527039
1.8 0.6195388436317444
1.9000000000000001 0.6957746148109436
2.0 0.7312585711479187
2.1 0.7335731387138367
2.2 0.7192421555519104
2.3 0.7135445475578308
2.4000000000000004 0.716610848903656
2.5 0.7351916432380676
2.6 0.7538159489631653
2.7 0.7712309956550598
2.8000000000000003 0.7986361384391785
2.9000000000000004 0.8367637991905212
3.0 0.8817998766899109
3.1 0.9242480397224426
3.2 0.9659660458564758
3.3000000000000003 1.010533094406128
3.4000000000000004 1.059736728668213
3.5 1.1079704761505127
3.6 1.1410789489746094
3.7 1.1607394218444824
3.8000000000000003 1.1725633144378662
3.9000000000000004 1.1887180805206299
4.0 1.2090442180633545
4.1 1.228670597076416
4.2 1.2502758502960205
4.300000000000001 1.2768123149871826
4.4 1.3036754131317139
4.5 1.3315412998199463
4.6000000000000005 1.3609702587127686
4.7 1.3962304592132568
4.8 1.4275922775268555
4.9 1.4484913349151611
5.0 1.472717046737671
5.1000000000000005 1.5030403137207031
5.2 1.5345096588134766
5.300000000000001 1.5683619976043701
5.4 1.605497121810913
5.5 1.6457669734954834
5.6000000000000005 1.6887531280517578
5.7 1.7348906993865967
5.800000000000001 1.7393066883087158
5.9 1.7393066883087158
6.0 1.7393066883087158
