0.5 11.373224258422852
0.6 8.698079109191895
0.7 6.516473770141602
0.8 4.852675914764404
0.9 3.6574325561523438
1.0 2.657396078109741
1.1 1.71067476272583
1.2000000000000002 0.9905148148536682
1.3 0.6106532216072083
1.4 0.4692201018333435
1.5 0.41907602548599243
1.6 0.4083874821662903
1.7000000000000002 0.420285165309906
1.8 0.45258063077926636
1.9000000000000001 0.49080318212509155
2.0 0.5147495865821838
2.1 0.5203403830528259
2.2 0.516453206539154
2.3 0.516711413860321
2.4000000000000004 0.5274037718772888
2.5 0.5513944029808044
2.6 0.5803698897361755
2.7 0.6195879578590393
2.8000000000000003 0.6667584776878357
2.9000000000000004 0.7206704020500183
3.0 0.7784282565116882
3.1 0.8353026509284973
3.2 0.8954837918281555
3.3000000000000003 0.9567285180091858
3.4000000000000004 1.0243656635284424
3.5 1.071347713470459
3.6 1.0846896171569824
3.7 1.093477725982666
3.8000000000000003 1.10371732711792
3.9000000000000004 1.114793300628662
4.0 1.125746250152588
4.1 1.133810043334961
4.2 1.1425704956054688
4.300000000000001 1.1524662971496582
4.4 1.1604602336883545
4.5 1.169100046157837
4.6000000000000005 1.1798951625823975
4.7 1.1913516521453857
4.8 1.202561616897583
4.9 1.213827133178711
5.0 1.228844165802002
5.1000000000000005 1.2505521774291992
5.2 1.2759721279144287
5.300000000000001 1.3060286045074463
5.4 1.341890573501587
5.5 1.38303804397583
5.6000000000000005 1.4300622940063477
5.7 1.4761695861816406
5.800000000000001 1.4978275299072266
5.9 1.5190098285675049
6.0 1.5431957244873047
