0.5 19.236162185668945
0.6 25.366300582885742
0.7 24.173110961914062
0.8 25.770877838134766
0.9 22.81865692138672
1.0 22.023469924926758
1.1 22.166419982910156
1.2000000000000002 21.428672790527344
1.3 20.54033660888672
1.4 18.459209442138672
1.5 14.897619247436523
1.6 11.376209259033203
1.7000000000000002 8.41616439819336
1.8 5.88837194442749
1.9000000000000001 3.8239006996154785
2.0 2.2340598106384277
2.1 1.298264980316162
2.2 0.9592538475990295
2.3 0.8631642460823059
2.4000000000000004 0.838391125202179
2.5 0.8458884358406067
2.6 0.8670231699943542
2.7 0.893768846988678
2.8000000000000003 0.9215002655982971
2.9000000000000004 0.9481309056282043
3.0 0.9779579043388367
3.1 1.0222876071929932
3.2 1.0853724479675293
3.3000000000000003 1.1587862968444824
3.4000000000000004 1.2305610179901123
3.5 1.2921278476715088
3.6 1.3467013835906982
3.7 1.3909807205200195
3.8000000000000003 1.4310407638549805
3.9000000000000004 1.4654548168182373
4.0 1.4969823360443115
4.1 1.524947166442871
4.2 1.5533578395843506
4.300000000000001 1.587144374847412
4.4 1.603991985321045
4.5 1.615300178527832
4.6000000000000005 1.6302015781402588
4.7 1.6487417221069336
4.8 1.6656014919281006
4.9 1.687389612197876
5.0 1.7130885124206543
5.1000000000000005 1.738767385482788
5.2 1.7625596523284912
5.300000000000001 1.7715909481048584
5.4 1.782468557357788
5.5 1.7956528663635254
5.6000000000000005 1.8121695518493652
5.7 1.831721544265747
5.800000000000001 1.8536686897277832
5.9 1.8765325546264648
6.0 1.8972303867340088
