0.5 18.25168228149414
0.6 23.33647918701172
0.7 22.259613037109375
0.8 23.860078811645508
0.9 21.262914657592773
1.0 20.51083755493164
1.1 20.784242630004883
1.2000000000000002 20.309375762939453
1.3 19.72730827331543
1.4 17.942955017089844
1.5 14.590143203735352
1.6 11.186957359313965
1.7000000000000002 8.221729278564453
1.8 5.656147003173828
1.9000000000000001 3.596536159515381
2.0 2.067622423171997
2.1 1.208878993988037
2.2 0.9033697247505188
2.3 0.8245633244514465
2.4000000000000004 0.8099427819252014
2.5 0.8282658457756042
2.6 0.8610276579856873
2.7 0.9002982974052429
2.8000000000000003 0.9397017359733582
2.9000000000000004 0.9800817370414734
3.0 1.026719331741333
3.1 1.0827069282531738
3.2 1.1602036952972412
3.3000000000000003 1.2476005554199219
3.4000000000000004 1.3312673568725586
3.5 1.3999857902526855
3.6 1.4572007656097412
3.7 1.505913257598877
3.8000000000000003 1.5531084537506104
3.9000000000000004 1.5934784412384033
4.0 1.6299943923950195
4.1 1.6628308296203613
4.2 1.6944384574890137
4.300000000000001 1.728539228439331
4.4 1.750272512435913
4.5 1.7517530918121338
4.6000000000000005 1.7553043365478516
4.7 1.7604801654815674
4.8 1.7619872093200684
4.9 1.7671244144439697
5.0 1.775362491607666
5.1000000000000005 1.7828209400177002
5.2 1.7925317287445068
5.300000000000001 1.8021061420440674
5.4 1.8138341903686523
5.5 1.8279995918273926
5.6000000000000005 1.8456597328186035
5.7 1.8661444187164307
5.800000000000001 1.8891806602478027
5.9 1.9129672050476074
6.0 1.9345757961273193
