0.5 12.604199409484863
0.6 9.68803596496582
0.7 7.12947940826416
0.8 4.992741584777832
0.9 3.4079933166503906
1.0 2.3046422004699707
1.1 1.4362585544586182
1.2000000000000002 0.7508873343467712
1.3 0.4083784222602844
1.4 0.29633408784866333
1.5 0.2788465619087219
1.6 0.31436651945114136
1.7000000000000002 0.4316750168800354
1.8 0.5797767043113708
1.9000000000000001 0.6758618950843811
2.0 0.7056129574775696
2.1 0.7092512249946594
2.2 0.7026707530021667
2.3 0.7115967869758606
2.4000000000000004 0.7528148293495178
2.5 0.8212009072303772
2.6 0.8836331963539124
2.7 0.9211418032646179
2.8000000000000003 0.9641007781028748
2.9000000000000004 1.0184226036071777
3.0 1.0827388763427734
3.1 1.1313529014587402
3.2 1.1634469032287598
3.3000000000000003 1.179966926574707
3.4000000000000004 1.1643877029418945
3.5 1.1086325645446777
3.6 1.1070911884307861
3.7 1.1092381477355957
3.8000000000000003 1.1089444160461426
3.9000000000000004 1.1034135818481445
4.0 1.1059761047363281
4.1 1.1142921447753906
4.2 1.1307783126831055
4.300000000000001 1.1466090679168701
4.4 1.1612050533294678
4.5 1.2039196491241455
4.6000000000000005 1.2457091808319092
4.7 1.2906451225280762
4.8 1.333632230758667
4.9 1.3673737049102783
5.0 1.3940064907073975
5.1000000000000005 1.4275329113006592
5.2 1.4618847370147705
5.300000000000001 1.499009370803833
5.4 1.5379106998443604
5.5 1.5799040794372559
5.6000000000000005 1.625138759613037
5.7 1.6743955612182617
5.800000000000001 1.678844690322876
5.9 1.678844690322876
6.0 1.678844690322876
