0.5 12.663166046142578
0.6 9.697031021118164
0.7 7.13489294052124
0.8 5.086769104003906
0.9 3.562159538269043
1.0 2.505462884902954
1.1 1.6193032264709473
1.2000000000000002 0.8631284832954407
1.3 0.4002038836479187
1.4 0.24668866395950317
1.5 0.21073037385940552
1.6 0.2182466983795166
1.7000000000000002 0.2557494044303894
1.8 0.32675009965896606
1.9000000000000001 0.39313095808029175
2.0 0.42496806383132935
2.1 0.4289829134941101
2.2 0.4233699440956116
2.3 0.43415290117263794
2.4000000000000004 0.47611552476882935
2.5 0.5472397208213806
2.6 0.6192246079444885
2.7 0.6850599646568298
2.8000000000000003 0.7532516121864319
2.9000000000000004 0.822436511516571
3.0 0.8976269364356995
3.1 0.9574057459831238
3.2 1.004157304763794
3.3000000000000003 1.0314464569091797
3.4000000000000004 1.0362732410430908
3.5 1.0175120830535889
3.6 1.0253407955169678
3.7 1.019669532775879
3.8000000000000003 1.0105373859405518
3.9000000000000004 1.002138614654541
4.0 1.0015666484832764
4.1 1.0027310848236084
4.2 1.0081617832183838
4.300000000000001 1.015444278717041
4.4 1.0252220630645752
4.5 1.056593656539917
4.6000000000000005 1.0852513313293457
4.7 1.1157450675964355
4.8 1.1404829025268555
4.9 1.1596410274505615
5.0 1.176837682723999
5.1000000000000005 1.2005798816680908
5.2 1.2289187908172607
5.300000000000001 1.2587864398956299
5.4 1.2899079322814941
5.5 1.3272597789764404
5.6000000000000005 1.3690743446350098
5.7 1.4139959812164307
5.800000000000001 1.4356889724731445
5.9 1.4570448398590088
6.0 1.4830267429351807
