0.5 9.64543342590332
0.6 8.536243438720703
0.7 7.32832670211792
0.8 5.98544454574585
0.9 4.596264839172363
1.0 3.447533130645752
1.1 2.5691285133361816
1.2000000000000002 1.7722759246826172
1.3 1.025994062423706
1.4 0.5406085848808289
1.5 0.32453399896621704
1.6 0.24332398176193237
1.7000000000000002 0.20484662055969238
1.8 0.16884660720825195
1.9000000000000001 0.1342814564704895
2.0 0.11616992950439453
2.1 0.11303901672363281
2.2 0.13032639026641846
2.3 0.17360752820968628
2.4000000000000004 0.22493362426757812
2.5 0.2846994996070862
2.6 0.3349542021751404
2.7 0.3598403334617615
2.8000000000000003 0.37207120656967163
2.9000000000000004 0.38703209161758423
3.0 0.39868730306625366
3.1 0.4138182997703552
3.2 0.4308989644050598
3.3000000000000003 0.4352484345436096
3.4000000000000004 0.45113199949264526
3.5 0.4694637656211853
3.6 0.47920674085617065
3.7 0.4734753966331482
3.8000000000000003 0.468575656414032
3.9000000000000004 0.459758460521698
4.0 0.4614585041999817
4.1 0.46639829874038696
4.2 0.4909699559211731
4.300000000000001 0.522363007068634
4.4 0.5549222826957703
4.5 0.5874150395393372
4.6000000000000005 0.6151962876319885
4.7 0.6456642746925354
4.8 0.6677704453468323
4.9 0.6831644177436829
5.0 0.6999438405036926
5.1000000000000005 0.7218303084373474
5.2 0.7476289868354797
5.300000000000001 0.7771031260490417
5.4 0.8091681599617004
5.5 0.8458104729652405
5.6000000000000005 0.8867411017417908
5.7 0.9313250184059143
5.800000000000001 0.9339619278907776
5.9 0.9339619278907776
6.0 0.9339619278907776
