0.5 13.310257911682129
0.6 10.294448852539062
0.7 7.64835786819458
0.8 5.5013957023620605
0.9 3.8724942207336426
1.0 2.7331244945526123
1.1 1.8048019409179688
1.2000000000000002 1.0085110664367676
1.3 0.4758147597312927
1.4 0.28684455156326294
1.5 0.23838764429092407
1.6 0.24307674169540405
1.7000000000000002 0.2790223956108093
1.8 0.3479388356208801
1.9000000000000001 0.4165951609611511
2.0 0.45394188165664673
2.1 0.46117979288101196
2.2 0.45678359270095825
2.3 0.4641863703727722
2.4000000000000004 0.503539502620697
2.5 0.5742331147193909
2.6 0.6538270115852356
2.7 0.725457489490509
2.8000000000000003 0.7987083792686462
2.9000000000000004 0.8724812865257263
3.0 0.951726496219635
3.1 1.0174219608306885
3.2 1.0671544075012207
3.3000000000000003 1.0961897373199463
3.4000000000000004 1.1005065441131592
3.5 1.0694127082824707
3.6 1.0788600444793701
3.7 1.0730409622192383
3.8000000000000003 1.0610582828521729
3.9000000000000004 1.0501811504364014
4.0 1.0481500625610352
4.1 1.0489294528961182
4.2 1.0539734363555908
4.300000000000001 1.0597712993621826
4.4 1.065589427947998
4.5 1.0976619720458984
4.6000000000000005 1.128584861755371
4.7 1.156005620956421
4.8 1.178330659866333
4.9 1.1952321529388428
5.0 1.2112905979156494
5.1000000000000005 1.2338776588439941
5.2 1.2601697444915771
5.300000000000001 1.2894821166992188
5.4 1.322519302368164
5.5 1.360356330871582
5.6000000000000005 1.4051926136016846
5.7 1.4533755779266357
5.800000000000001 1.4802842140197754
5.9 1.4997780323028564
6.0 1.523360252380371
