0.5 12.895345687866211
0.6 9.915653228759766
0.7 7.323254108428955
0.8 5.188658714294434
0.9 3.6183581352233887
1.0 2.5091822147369385
1.1 1.611830711364746
1.2000000000000002 0.9323285222053528
1.3 0.6135085225105286
1.4 0.516423761844635
1.5 0.5035730004310608
1.6 0.5303745865821838
1.7000000000000002 0.6147308945655823
1.8 0.7372621893882751
1.9000000000000001 0.8232348561286926
2.0 0.8515576720237732
2.1 0.8536819815635681
2.2 0.8476243615150452
2.3 0.8563486933708191
2.4000000000000004 0.891901433467865
2.5 0.9541094899177551
2.6 1.0142998695373535
2.7 1.059708833694458
2.8000000000000003 1.1099884510040283
2.9000000000000004 1.1686155796051025
3.0 1.2356877326965332
3.1 1.2897028923034668
3.2 1.3343088626861572
3.3000000000000003 1.3649609088897705
3.4000000000000004 1.3673419952392578
3.5 1.325293779373169
3.6 1.3324127197265625
3.7 1.3342814445495605
3.8000000000000003 1.3318309783935547
3.9000000000000004 1.3252451419830322
4.0 1.3318126201629639
4.1 1.3424532413482666
4.2 1.3618314266204834
4.300000000000001 1.3816871643066406
4.4 1.400850534439087
4.5 1.4484083652496338
4.6000000000000005 1.4937195777893066
4.7 1.5416228771209717
4.8 1.5818774700164795
4.9 1.6093072891235352
5.0 1.6382665634155273
5.1000000000000005 1.6749534606933594
5.2 1.7113807201385498
5.300000000000001 1.7504236698150635
5.4 1.7912275791168213
5.5 1.8352129459381104
5.6000000000000005 1.8824043273925781
5.7 1.932316780090332
5.800000000000001 1.9345757961273193
5.9 1.9345757961273193
6.0 1.9345757961273193
