0.5 10.190679550170898
0.6 7.6907572746276855
0.7 5.677748680114746
0.8 4.156816482543945
0.9 3.044426918029785
1.0 2.0799360275268555
1.1 1.2408342361450195
1.2000000000000002 0.6642003655433655
1.3 0.3960713744163513
1.4 0.2845837473869324
1.5 0.24469417333602905
1.6 0.244195818901062
1.7000000000000002 0.280601441860199
1.8 0.3423991799354553
1.9000000000000001 0.39162200689315796
2.0 0.41049331426620483
2.1 0.4050644040107727
2.2 0.39685696363449097
2.3 0.3985760807991028
2.4000000000000004 0.4171547293663025
2.5 0.44784241914749146
2.6 0.47888249158859253
2.7 0.5196889042854309
2.8000000000000003 0.5680674910545349
2.9000000000000004 0.621623694896698
3.0 0.6756631731987
3.1 0.726485550403595
3.2 0.7785554528236389
3.3000000000000003 0.8316279053688049
3.4000000000000004 0.8817915320396423
3.5 0.9078605771064758
3.6 0.9129766821861267
3.7 0.9154456257820129
3.8000000000000003 0.9224664568901062
3.9000000000000004 0.9328436255455017
4.0 0.944200336933136
4.1 0.956738293170929
4.2 0.970859944820404
4.300000000000001 0.98611980676651
4.4 1.003553867340088
4.5 1.0242807865142822
4.6000000000000005 1.0505683422088623
4.7 1.0753827095031738
4.8 1.0899150371551514
4.9 1.107828140258789
5.0 1.1313979625701904
5.1000000000000005 1.1593470573425293
5.2 1.1907460689544678
5.300000000000001 1.2265141010284424
5.4 1.2666759490966797
5.5 1.3119778633117676
5.6000000000000005 1.363049030303955
5.7 1.398759365081787
5.800000000000001 1.4152143001556396
5.9 1.4285106658935547
6.0 1.4433207511901855
