0.5 13.020238876342773
0.6 10.088016510009766
0.7 7.4934983253479
0.8 5.3282694816589355
0.9 3.7267403602600098
1.0 2.592085599899292
1.1 1.691401720046997
1.2000000000000002 1.0015931129455566
1.3 0.659007728099823
1.4 0.5490215420722961
1.5 0.5328989624977112
1.6 0.5605289340019226
1.7000000000000002 0.646134078502655
1.8 0.7664478421211243
1.9000000000000001 0.8474424481391907
2.0 0.8712545037269592
2.1 0.8705697655677795
2.2 0.8612343668937683
2.3 0.8697602152824402
2.4000000000000004 0.9058074355125427
2.5 0.9686686396598816
2.6 1.0293724536895752
2.7 1.0742120742797852
2.8000000000000003 1.1238765716552734
2.9000000000000004 1.181915283203125
3.0 1.2484080791473389
3.1 1.3020339012145996
3.2 1.3463168144226074
3.3000000000000003 1.378075122833252
3.4000000000000004 1.380025863647461
3.5 1.3376004695892334
3.6 1.3364593982696533
3.7 1.3292202949523926
3.8000000000000003 1.3200626373291016
3.9000000000000004 1.3120317459106445
4.0 1.3187806606292725
4.1 1.3311433792114258
4.2 1.3524143695831299
4.300000000000001 1.3744032382965088
4.4 1.3961398601531982
4.5 1.4466004371643066
4.6000000000000005 1.4955580234527588
4.7 1.547149896621704
4.8 1.5908150672912598
4.9 1.6193935871124268
5.0 1.649007797241211
5.1000000000000005 1.686249017715454
5.2 1.7232286930084229
5.300000000000001 1.762467861175537
5.4 1.802628517150879
5.5 1.8454155921936035
5.6000000000000005 1.8907485008239746
5.7 1.9388606548309326
5.800000000000001 1.941967248916626
5.9 1.941967248916626
6.0 1.941967248916626
