0.5 11.718146324157715
0.6 8.885944366455078
0.7 6.450255870819092
0.8 4.527497291564941
0.9 3.1384267807006836
1.0 2.153276205062866
1.1 1.3239655494689941
1.2000000000000002 0.677636444568634
1.3 0.3661007285118103
1.4 0.2694534659385681
1.5 0.25486093759536743
1.6 0.2871937155723572
1.7000000000000002 0.37482374906539917
1.8 0.4809207320213318
1.9000000000000001 0.5427852272987366
2.0 0.5609787106513977
2.1 0.5541525483131409
2.2 0.5492005944252014
2.3 0.5667669177055359
2.4000000000000004 0.6219181418418884
2.5 0.6997175812721252
2.6 0.764100968837738
2.7 0.8236956000328064
2.8000000000000003 0.8886966109275818
2.9000000000000004 0.9548956751823425
3.0 1.021460771560669
3.1 1.0716707706451416
3.2 1.1092305183410645
3.3000000000000003 1.1234548091888428
3.4000000000000004 1.1070246696472168
3.5 1.0754244327545166
3.6 1.0779685974121094
3.7 1.0654888153076172
3.8000000000000003 1.0528109073638916
3.9000000000000004 1.0434870719909668
4.0 1.0461161136627197
4.1 1.0524961948394775
4.2 1.063732385635376
4.300000000000001 1.0771088600158691
4.4 1.0995182991027832
4.5 1.1431946754455566
4.6000000000000005 1.1854259967803955
4.7 1.2258923053741455
4.8 1.253479242324829
4.9 1.2750446796417236
5.0 1.2993924617767334
5.1000000000000005 1.331216812133789
5.2 1.364215612411499
5.300000000000001 1.3976001739501953
5.4 1.4351260662078857
5.5 1.476954460144043
5.6000000000000005 1.5226669311523438
5.7 1.561321496963501
5.800000000000001 1.5752980709075928
5.9 1.5890374183654785
6.0 1.604776382446289
