0.5 13.415283203125
0.6 32.0648307800293
0.7 26.127639770507812
0.8 27.577014923095703
0.9 24.398216247558594
1.0 23.381811141967773
1.1 23.131427764892578
1.2000000000000002 22.234180450439453
1.3 20.237323760986328
1.4 16.334415435791016
1.5 12.380523681640625
1.6 9.138361930847168
1.7000000000000002 6.432408809661865
1.8 4.048064231872559
1.9000000000000001 2.374725818634033
2.0 1.3608124256134033
2.1 1.036118507385254
2.2 0.9623823761940002
2.3 0.9230743050575256
2.4000000000000004 0.9282383322715759
2.5 0.9757063984870911
2.6 1.0305559635162354
2.7 1.070683479309082
2.8000000000000003 1.0988328456878662
2.9000000000000004 1.1243946552276611
3.0 1.139129400253296
3.1 1.1639256477355957
3.2 1.1847240924835205
3.3000000000000003 1.2224726676940918
3.4000000000000004 1.2635138034820557
3.5 1.3037710189819336
3.6 1.3285038471221924
3.7 1.3502776622772217
3.8000000000000003 1.3574771881103516
3.9000000000000004 1.3570153713226318
4.0 1.3331875801086426
4.1 1.2989635467529297
4.2 1.2961993217468262
4.300000000000001 1.3222951889038086
4.4 1.364393949508667
4.5 1.4091134071350098
4.6000000000000005 1.4616806507110596
4.7 1.515573501586914
4.8 1.574530839920044
4.9 1.640303373336792
5.0 1.7128856182098389
5.1000000000000005 1.7881433963775635
5.2 1.8059682846069336
5.300000000000001 1.8218050003051758
5.4 1.8394291400909424
5.5 1.8572654724121094
5.6000000000000005 1.874887228012085
5.7 1.8919703960418701
5.800000000000001 1.9091558456420898
5.9 1.9264748096466064
6.0 1.9419679641723633
