0.5 42.24464797973633
0.6 38.59833526611328
0.7 34.021751403808594
0.8 28.828248977661133
0.9 23.473819732666016
1.0 18.56098175048828
1.1 14.456027030944824
1.2000000000000002 11.19377613067627
1.3 8.3729248046875
1.4 5.783150672912598
1.5 3.4974613189697266
1.6 1.762690544128418
1.7000000000000002 0.821842610836029
1.8 0.433867871761322
1.9000000000000001 0.2759166359901428
2.0 0.20721250772476196
2.1 0.18402552604675293
2.2 0.18655329942703247
2.3 0.20565533638000488
2.4000000000000004 0.2328270673751831
2.5 0.2630992531776428
2.6 0.30051368474960327
2.7 0.34961193799972534
2.8000000000000003 0.41068726778030396
2.9000000000000004 0.4893799424171448
3.0 0.5722376704216003
3.1 0.6598250269889832
3.2 0.7464573979377747
3.3000000000000003 0.8260253071784973
3.4000000000000004 0.8981862664222717
3.5 0.9656632542610168
3.6 1.0239975452423096
3.7 1.0721733570098877
3.8000000000000003 1.0981907844543457
3.9000000000000004 1.1232688426971436
4.0 1.145139455795288
4.1 1.1672203540802002
4.2 1.1825339794158936
4.300000000000001 1.18711519241333
4.4 1.1968967914581299
4.5 1.2111992835998535
4.6000000000000005 1.2180843353271484
4.7 1.2213072776794434
4.8 1.2294425964355469
4.9 1.2405078411102295
5.0 1.2541403770446777
5.1000000000000005 1.269543170928955
5.2 1.286421537399292
5.300000000000001 1.3069100379943848
5.4 1.330967903137207
5.5 1.359299659729004
5.6000000000000005 1.391401767730713
5.7 1.4261605739593506
5.800000000000001 1.4631779193878174
5.9 1.4678962230682373
6.0 1.4678962230682373
