0.5 11.113704681396484
0.6 10.962955474853516
0.7 10.68565559387207
0.8 10.315805435180664
0.9 9.846014976501465
1.0 9.332624435424805
1.1 8.755464553833008
1.2000000000000002 8.070199966430664
1.3 7.3045878410339355
1.4 6.472192764282227
1.5 5.608497142791748
1.6 4.764584541320801
1.7000000000000002 3.9813647270202637
1.8 3.2741341590881348
1.9000000000000001 2.6422290802001953
2.0 2.063237428665161
2.1 1.5559287071228027
2.2 1.1559128761291504
2.3 0.8812277913093567
2.4000000000000004 0.7141191363334656
2.5 0.6209537386894226
2.6 0.5715174078941345
2.7 0.5540298819541931
2.8000000000000003 0.5525960326194763
2.9000000000000004 0.5632553696632385
3.0 0.5804294943809509
3.1 0.6016989350318909
3.2 0.6285218596458435
3.3000000000000003 0.6624442934989929
3.4000000000000004 0.7000605463981628
3.5 0.7424468398094177
3.6 0.7851887345314026
3.7 0.8324288725852966
3.8000000000000003 0.8938382267951965
3.9000000000000004 0.9603410363197327
4.0 1.028533935546875
4.1 1.0888922214508057
4.2 1.1373682022094727
4.300000000000001 1.1838281154632568
4.4 1.2245028018951416
4.5 1.26507568359375
4.6000000000000005 1.3026340007781982
4.7 1.3303699493408203
4.8 1.352797031402588
4.9 1.3708546161651611
5.0 1.3910796642303467
5.1000000000000005 1.4153971672058105
5.2 1.4383397102355957
5.300000000000001 1.4644768238067627
5.4 1.4969329833984375
5.5 1.5342247486114502
5.6000000000000005 1.574242353439331
5.7 1.605032205581665
5.800000000000001 1.6099309921264648
5.9 1.6161458492279053
6.0 1.6233997344970703
