0.5 20.08666229248047
0.6 25.60091209411621
0.7 25.2841854095459
0.8 27.01788902282715
0.9 24.340932846069336
1.0 23.569555282592773
1.1 23.75550079345703
1.2000000000000002 22.974384307861328
1.3 21.720914840698242
1.4 19.264020919799805
1.5 15.166244506835938
1.6 11.17605972290039
1.7000000000000002 8.108036041259766
1.8 5.622552394866943
1.9000000000000001 3.592794418334961
2.0 2.0376839637756348
2.1 1.083827257156372
2.2 0.7150502800941467
2.3 0.6049403548240662
2.4000000000000004 0.5746708512306213
2.5 0.5814867615699768
2.6 0.6098120808601379
2.7 0.6484814286231995
2.8000000000000003 0.6895048022270203
2.9000000000000004 0.7304781079292297
3.0 0.7763336300849915
3.1 0.8278159499168396
3.2 0.8835211396217346
3.3000000000000003 0.9431663155555725
3.4000000000000004 1.0075352191925049
3.5 1.0686190128326416
3.6 1.1198434829711914
3.7 1.1659953594207764
3.8000000000000003 1.2115275859832764
3.9000000000000004 1.2489752769470215
4.0 1.281378984451294
4.1 1.3135874271392822
4.2 1.347470998764038
4.300000000000001 1.3835599422454834
4.4 1.4235141277313232
4.5 1.436328649520874
4.6000000000000005 1.4427452087402344
4.7 1.4529504776000977
4.8 1.4626352787017822
4.9 1.4759342670440674
5.0 1.4939706325531006
5.1000000000000005 1.514922857284546
5.2 1.538558006286621
5.300000000000001 1.5641632080078125
5.4 1.585977554321289
5.5 1.5979979038238525
5.6000000000000005 1.612051248550415
5.7 1.628291130065918
5.800000000000001 1.6465179920196533
5.9 1.6657731533050537
6.0 1.6831679344177246
