0.5 18.96026611328125
0.6 25.08324432373047
0.7 23.880756378173828
0.8 25.488027572631836
0.9 22.519302368164062
1.0 21.734045028686523
1.1 21.912311553955078
1.2000000000000002 21.17974281311035
1.3 20.288969039916992
1.4 18.213539123535156
1.5 14.665766716003418
1.6 11.150847434997559
1.7000000000000002 8.189231872558594
1.8 5.660707473754883
1.9000000000000001 3.5975823402404785
2.0 2.006556510925293
2.1 1.064016580581665
2.2 0.7201364636421204
2.3 0.6233677268028259
2.4000000000000004 0.5986846089363098
2.5 0.6059104800224304
2.6 0.6261594891548157
2.7 0.6517184376716614
2.8000000000000003 0.6778973937034607
2.9000000000000004 0.7028328776359558
3.0 0.7309615015983582
3.1 0.7737919688224792
3.2 0.8370293974876404
3.3000000000000003 0.910742461681366
3.4000000000000004 0.9824426770210266
3.5 1.0440523624420166
3.6 1.098304271697998
3.7 1.1423709392547607
3.8000000000000003 1.182506799697876
3.9000000000000004 1.217207908630371
4.0 1.248957633972168
4.1 1.277167797088623
4.2 1.3062186241149902
4.300000000000001 1.3404960632324219
4.4 1.358031988143921
4.5 1.3694918155670166
4.6000000000000005 1.3846280574798584
4.7 1.4033658504486084
4.8 1.4203946590423584
4.9 1.4422760009765625
5.0 1.4679436683654785
5.1000000000000005 1.4933767318725586
5.2 1.5159685611724854
5.300000000000001 1.5247726440429688
5.4 1.5353798866271973
5.5 1.5482158660888672
5.6000000000000005 1.5643248558044434
5.7 1.583397626876831
5.800000000000001 1.6047747135162354
5.9 1.6269903182983398
6.0 1.6471126079559326
