0.5 13.255770683288574
0.6 10.272513389587402
0.7 7.67171049118042
0.8 5.5013508796691895
0.9 3.855870246887207
1.0 2.6799800395965576
1.1 1.7391636371612549
1.2000000000000002 1.0048253536224365
1.3 0.6479604840278625
1.4 0.5325919985771179
1.5 0.5125848650932312
1.6 0.536756694316864
1.7000000000000002 0.6215911507606506
1.8 0.7486782670021057
1.9000000000000001 0.842001736164093
2.0 0.8766370415687561
2.1 0.8847784399986267
2.2 0.8805291056632996
2.3 0.8934375643730164
2.4000000000000004 0.9329444766044617
2.5 1.0004749298095703
2.6 1.063258171081543
2.7 1.1110515594482422
2.8000000000000003 1.1628055572509766
2.9000000000000004 1.2258358001708984
3.0 1.2979350090026855
3.1 1.3566789627075195
3.2 1.401137113571167
3.3000000000000003 1.4311623573303223
3.4000000000000004 1.4309496879577637
3.5 1.3882842063903809
3.6 1.383575201034546
3.7 1.386345624923706
3.8000000000000003 1.378688097000122
3.9000000000000004 1.369361162185669
4.0 1.3721637725830078
4.1 1.3809700012207031
4.2 1.3969683647155762
4.300000000000001 1.413928747177124
4.4 1.4305088520050049
4.5 1.476318359375
4.6000000000000005 1.5195915699005127
4.7 1.5659091472625732
4.8 1.6057257652282715
4.9 1.6310250759124756
5.0 1.6571335792541504
5.1000000000000005 1.6901133060455322
5.2 1.7238805294036865
5.300000000000001 1.7602014541625977
5.4 1.797959327697754
5.5 1.8386204242706299
5.6000000000000005 1.88224196434021
5.7 1.9298396110534668
5.800000000000001 1.9345757961273193
5.9 1.9345757961273193
6.0 1.9345757961273193
