0.5 34.851707458496094
0.6 31.24291229248047
0.7 27.121444702148438
0.8 22.81944465637207
0.9 18.650453567504883
1.0 14.936857223510742
1.1 11.760824203491211
1.2000000000000002 9.016006469726562
1.3 6.524538516998291
1.4 4.250640869140625
1.5 2.413010597229004
1.6 1.2999067306518555
1.7000000000000002 0.8273726105690002
1.8 0.6416850686073303
1.9000000000000001 0.5619798302650452
2.0 0.5357270836830139
2.1 0.5426482558250427
2.2 0.5703943371772766
2.3 0.6081147789955139
2.4000000000000004 0.6493919491767883
2.5 0.6947320103645325
2.6 0.7460528016090393
2.7 0.7958572506904602
2.8000000000000003 0.8454164862632751
2.9000000000000004 0.9083479046821594
3.0 0.9923740029335022
3.1 1.0779597759246826
3.2 1.1612086296081543
3.3000000000000003 1.2333166599273682
3.4000000000000004 1.2951774597167969
3.5 1.3532893657684326
3.6 1.4024908542633057
3.7 1.4392743110656738
3.8000000000000003 1.4626891613006592
3.9000000000000004 1.48313570022583
4.0 1.5026624202728271
4.1 1.5217351913452148
4.2 1.5277354717254639
4.300000000000001 1.5385034084320068
4.4 1.5538690090179443
4.5 1.5671451091766357
4.6000000000000005 1.5776119232177734
4.7 1.5908045768737793
4.8 1.6063592433929443
4.9 1.6208093166351318
5.0 1.639833927154541
5.1000000000000005 1.6565053462982178
5.2 1.6773350238800049
5.300000000000001 1.702193260192871
5.4 1.732905626296997
5.5 1.769361972808838
5.6000000000000005 1.8106012344360352
5.7 1.8539402484893799
5.800000000000001 1.8966965675354004
5.9 1.8972303867340088
6.0 1.8972303867340088
