0.5 20.018051147460938
0.6 25.77215003967285
0.7 25.320049285888672
0.8 27.075952529907227
0.9 24.4378662109375
1.0 23.674692153930664
1.1 23.852014541625977
1.2000000000000002 22.993288040161133
1.3 21.66025733947754
1.4 19.18257713317871
1.5 15.074823379516602
1.6 11.096678733825684
1.7000000000000002 8.07214069366455
1.8 5.627819061279297
1.9000000000000001 3.611849308013916
2.0 2.056464195251465
2.1 1.1213703155517578
2.2 0.7678585648536682
2.3 0.6595503687858582
2.4000000000000004 0.6296511292457581
2.5 0.637001097202301
2.6 0.665117084980011
2.7 0.702512800693512
2.8000000000000003 0.7433372139930725
2.9000000000000004 0.7846980690956116
3.0 0.8305891156196594
3.1 0.8814926743507385
3.2 0.9376048445701599
3.3000000000000003 1.0000004768371582
3.4000000000000004 1.0632350444793701
3.5 1.1265723705291748
3.6 1.1774888038635254
3.7 1.224858045578003
3.8000000000000003 1.2697827816009521
3.9000000000000004 1.3064849376678467
4.0 1.3395633697509766
4.1 1.373439073562622
4.2 1.4091291427612305
4.300000000000001 1.4467921257019043
4.4 1.483720302581787
4.5 1.4860475063323975
4.6000000000000005 1.4913804531097412
4.7 1.5009493827819824
4.8 1.5100305080413818
4.9 1.5230638980865479
5.0 1.5403940677642822
5.1000000000000005 1.560781717300415
5.2 1.5833814144134521
5.300000000000001 1.601736307144165
5.4 1.6114089488983154
5.5 1.6232848167419434
5.6000000000000005 1.6371641159057617
5.7 1.6532554626464844
5.800000000000001 1.6712937355041504
5.9 1.690368413925171
6.0 1.7077271938323975
