0.5 11.422075271606445
0.6 8.629110336303711
0.7 6.257429122924805
0.8 4.382148265838623
0.9 3.030601978302002
1.0 2.0388143062591553
1.1 1.2084808349609375
1.2000000000000002 0.6084024310112
1.3 0.34368425607681274
1.4 0.268077552318573
1.5 0.2619571089744568
1.6 0.3021356463432312
1.7000000000000002 0.3937518000602722
1.8 0.492567241191864
1.9000000000000001 0.5505182147026062
2.0 0.5717187523841858
2.1 0.5713515877723694
2.2 0.5775558352470398
2.3 0.6157123446464539
2.4000000000000004 0.6882099509239197
2.5 0.7778453230857849
2.6 0.8451867699623108
2.7 0.909684956073761
2.8000000000000003 0.9758030772209167
2.9000000000000004 1.0413923263549805
3.0 1.1038410663604736
3.1 1.1494982242584229
3.2 1.174560308456421
3.3000000000000003 1.1723053455352783
3.4000000000000004 1.1310269832611084
3.5 1.103658676147461
3.6 1.1069700717926025
3.7 1.09513258934021
3.8000000000000003 1.0807170867919922
3.9000000000000004 1.0738468170166016
4.0 1.0742950439453125
4.1 1.0820095539093018
4.2 1.0908949375152588
4.300000000000001 1.1006805896759033
4.4 1.1303465366363525
4.5 1.1723542213439941
4.6000000000000005 1.2138502597808838
4.7 1.247349500656128
4.8 1.2683358192443848
4.9 1.2898354530334473
5.0 1.3154616355895996
5.1000000000000005 1.344736099243164
5.2 1.3771541118621826
5.300000000000001 1.4131503105163574
5.4 1.4523289203643799
5.5 1.497377872467041
5.6000000000000005 1.5494167804718018
5.7 1.5874757766723633
5.800000000000001 1.6039128303527832
5.9 1.6183266639709473
6.0 1.6344082355499268
