0.5 12.194197654724121
0.6 9.255439758300781
0.7 6.734879016876221
0.8 4.726888656616211
0.9 3.255734920501709
1.0 2.2257509231567383
1.1 1.367475986480713
1.2000000000000002 0.6911026835441589
1.3 0.3585953116416931
1.4 0.25873273611068726
1.5 0.24503690004348755
1.6 0.27296632528305054
1.7000000000000002 0.3560873866081238
1.8 0.47591549158096313
1.9000000000000001 0.5577693581581116
2.0 0.5878050923347473
2.1 0.5897802710533142
2.2 0.5876875519752502
2.3 0.5998000502586365
2.4000000000000004 0.6455312371253967
2.5 0.7149965167045593
2.6 0.7753199934959412
2.7 0.8273319602012634
2.8000000000000003 0.8849397301673889
2.9000000000000004 0.9453265070915222
3.0 1.009495496749878
3.1 1.0562894344329834
3.2 1.0932302474975586
3.3000000000000003 1.10975980758667
3.4000000000000004 1.100656509399414
3.5 1.058924913406372
3.6 1.075892686843872
3.7 1.0742723941802979
3.8000000000000003 1.0706021785736084
3.9000000000000004 1.0668690204620361
4.0 1.0725047588348389
4.1 1.0791068077087402
4.2 1.0905649662017822
4.300000000000001 1.1035418510437012
4.4 1.119063377380371
4.5 1.16019606590271
4.6000000000000005 1.198275089263916
4.7 1.2357065677642822
4.8 1.2656781673431396
4.9 1.2860181331634521
5.0 1.308060884475708
5.1000000000000005 1.3370225429534912
5.2 1.3673551082611084
5.300000000000001 1.3996031284332275
5.4 1.4345238208770752
5.5 1.475147008895874
5.6000000000000005 1.5195515155792236
5.7 1.5612657070159912
5.800000000000001 1.5721945762634277
5.9 1.5825858116149902
6.0 1.5953412055969238
