0.5 13.187592506408691
0.6 10.15269947052002
0.7 7.492058277130127
0.8 5.34373140335083
0.9 3.759613037109375
1.0 2.644280195236206
1.1 1.7290830612182617
1.2000000000000002 0.989406168460846
1.3 0.5796799063682556
1.4 0.4603422284126282
1.5 0.43827539682388306
1.6 0.4545885920524597
1.7000000000000002 0.49887174367904663
1.8 0.5719864964485168
1.9000000000000001 0.641914427280426
2.0 0.6834565997123718
2.1 0.700094997882843
2.2 0.7108551859855652
2.3 0.7330707907676697
2.4000000000000004 0.7895061373710632
2.5 0.8734168410301208
2.6 0.9472303986549377
2.7 1.020777940750122
2.8000000000000003 1.0883710384368896
2.9000000000000004 1.1568520069122314
3.0 1.2261056900024414
3.1 1.2769465446472168
3.2 1.3094611167907715
3.3000000000000003 1.3195250034332275
3.4000000000000004 1.3042218685150146
3.5 1.280531644821167
3.6 1.2930233478546143
3.7 1.2889139652252197
3.8000000000000003 1.2846262454986572
3.9000000000000004 1.2794630527496338
4.0 1.285231590270996
4.1 1.2925219535827637
4.2 1.3056495189666748
4.300000000000001 1.318281888961792
4.4 1.329209804534912
4.5 1.360016107559204
4.6000000000000005 1.3840065002441406
4.7 1.4073619842529297
4.8 1.4286420345306396
4.9 1.4387953281402588
5.0 1.4525585174560547
5.1000000000000005 1.4741895198822021
5.2 1.4988136291503906
5.300000000000001 1.5264527797698975
5.4 1.5587873458862305
5.5 1.5983619689941406
5.6000000000000005 1.6429672241210938
5.7 1.692049503326416
5.800000000000001 1.7128379344940186
5.9 1.7341759204864502
6.0 1.7598905563354492
