0.5 12.700690269470215
0.6 9.74635124206543
0.7 7.186237812042236
0.8 5.065545558929443
0.9 3.470780372619629
1.0 2.339702606201172
1.1 1.4398467540740967
1.2000000000000002 0.7503562569618225
1.3 0.40555673837661743
1.4 0.29450374841690063
1.5 0.2750440239906311
1.6 0.30296701192855835
1.7000000000000002 0.40078896284103394
1.8 0.5353261828422546
1.9000000000000001 0.6265704035758972
2.0 0.658394992351532
2.1 0.6646508574485779
2.2 0.660530149936676
2.3 0.6743271946907043
2.4000000000000004 0.7188701033592224
2.5 0.7906268239021301
2.6 0.8553532958030701
2.7 0.9016653895378113
2.8000000000000003 0.9512210488319397
2.9000000000000004 1.012136459350586
3.0 1.081674337387085
3.1 1.1347899436950684
3.2 1.1733839511871338
3.3000000000000003 1.1948318481445312
3.4000000000000004 1.1855127811431885
3.5 1.1328470706939697
3.6 1.1285278797149658
3.7 1.1303460597991943
3.8000000000000003 1.122328519821167
3.9000000000000004 1.1121459007263184
4.0 1.1152071952819824
4.1 1.1230666637420654
4.2 1.1386427879333496
4.300000000000001 1.1548831462860107
4.4 1.1705236434936523
4.5 1.2174592018127441
4.6000000000000005 1.2613344192504883
4.7 1.3080461025238037
4.8 1.347221851348877
4.9 1.372189998626709
5.0 1.398216724395752
5.1000000000000005 1.4316058158874512
5.2 1.4655425548553467
5.300000000000001 1.5022249221801758
5.4 1.5406608581542969
5.5 1.582134485244751
5.6000000000000005 1.6268236637115479
5.7 1.6752090454101562
5.800000000000001 1.678844690322876
5.9 1.678844690322876
6.0 1.678844690322876
