0.5 13.039237022399902
0.6 10.103341102600098
0.7 7.5185723304748535
0.8 5.349987030029297
0.9 3.7351393699645996
1.0 2.6021885871887207
1.1 1.6998002529144287
1.2000000000000002 0.9899176955223083
1.3 0.6419059634208679
1.4 0.531833827495575
1.5 0.5158653855323792
1.6 0.5481080412864685
1.7000000000000002 0.6529501080513
1.8 0.7944162487983704
1.9000000000000001 0.8908526301383972
2.0 0.9220083355903625
2.1 0.9264039397239685
2.2 0.9198169112205505
2.3 0.9285896420478821
2.4000000000000004 0.9659039378166199
2.5 1.0304207801818848
2.6 1.0899484157562256
2.7 1.129913568496704
2.8000000000000003 1.1762912273406982
2.9000000000000004 1.233314037322998
3.0 1.3006072044372559
3.1 1.3538644313812256
3.2 1.3918285369873047
3.3000000000000003 1.4157354831695557
3.4000000000000004 1.4082975387573242
3.5 1.3611400127410889
3.6 1.3624951839447021
3.7 1.3648622035980225
3.8000000000000003 1.364997148513794
3.9000000000000004 1.3602426052093506
4.0 1.3633856773376465
4.1 1.3724777698516846
4.2 1.3896334171295166
4.300000000000001 1.406301736831665
4.4 1.421919345855713
4.5 1.4647128582000732
4.6000000000000005 1.5058979988098145
4.7 1.550520896911621
4.8 1.5934669971466064
4.9 1.6270372867584229
5.0 1.6537132263183594
5.1000000000000005 1.6873254776000977
5.2 1.7214546203613281
5.300000000000001 1.758208990097046
5.4 1.7965435981750488
5.5 1.8378407955169678
5.6000000000000005 1.8822126388549805
5.7 1.9304521083831787
5.800000000000001 1.9345757961273193
5.9 1.9345757961273193
6.0 1.9345757961273193
