0.5 37.466575622558594
0.6 34.40635681152344
0.7 30.72557830810547
0.8 26.472328186035156
0.9 22.069446563720703
1.0 17.8463191986084
1.1 14.193696022033691
1.2000000000000002 11.154664993286133
1.3 8.506196975708008
1.4 6.033228397369385
1.5 3.8277387619018555
1.6 2.080482244491577
1.7000000000000002 1.0343387126922607
1.8 0.5534737706184387
1.9000000000000001 0.35072654485702515
2.0 0.25813907384872437
2.1 0.21798884868621826
2.2 0.2079463005065918
2.3 0.21620434522628784
2.4000000000000004 0.23498868942260742
2.5 0.25644105672836304
2.6 0.2827664017677307
2.7 0.31731516122817993
2.8000000000000003 0.3634588122367859
2.9000000000000004 0.42532163858413696
3.0 0.49851804971694946
3.1 0.5781598687171936
3.2 0.6595205664634705
3.3000000000000003 0.7389227747917175
3.4000000000000004 0.8092860579490662
3.5 0.8740853667259216
3.6 0.9303649067878723
3.7 0.978215754032135
3.8000000000000003 1.0084612369537354
3.9000000000000004 1.0322785377502441
4.0 1.0532386302947998
4.1 1.074150562286377
4.2 1.0953779220581055
4.300000000000001 1.1036546230316162
4.4 1.1138916015625
4.5 1.1284165382385254
4.6000000000000005 1.14609956741333
4.7 1.1552355289459229
4.8 1.1657917499542236
4.9 1.180093765258789
5.0 1.1962499618530273
5.1000000000000005 1.2133104801177979
5.2 1.2326622009277344
5.300000000000001 1.253535509109497
5.4 1.277266263961792
5.5 1.3048052787780762
5.6000000000000005 1.3366115093231201
5.7 1.3714377880096436
5.800000000000001 1.4088118076324463
5.9 1.4303231239318848
6.0 1.439666748046875
