0.5 43.71702575683594
0.6 40.45171356201172
0.7 36.33042907714844
0.8 31.362215042114258
0.9 26.06619644165039
1.0 20.898128509521484
1.1 16.437292098999023
1.2000000000000002 12.80185317993164
1.3 9.797465324401855
1.4 7.096903324127197
1.5 4.635340690612793
1.6 2.5465621948242188
1.7000000000000002 1.2026557922363281
1.8 0.6052492260932922
1.9000000000000001 0.3869900107383728
2.0 0.3028373122215271
2.1 0.2768743634223938
2.2 0.2850251793861389
2.3 0.31464487314224243
2.4000000000000004 0.35527342557907104
2.5 0.40219420194625854
2.6 0.45679742097854614
2.7 0.5157130360603333
2.8000000000000003 0.5716542601585388
2.9000000000000004 0.6260572075843811
3.0 0.6901445984840393
3.1 0.7754437327384949
3.2 0.8631351590156555
3.3000000000000003 0.9487656950950623
3.4000000000000004 1.0259966850280762
3.5 1.097593069076538
3.6 1.162729024887085
3.7 1.2200114727020264
3.8000000000000003 1.2593402862548828
3.9000000000000004 1.2883813381195068
4.0 1.311866044998169
4.1 1.3339388370513916
4.2 1.3552961349487305
4.300000000000001 1.3620805740356445
4.4 1.370429515838623
4.5 1.3822965621948242
4.6000000000000005 1.3963253498077393
4.7 1.400974988937378
4.8 1.4085073471069336
4.9 1.419121265411377
5.0 1.4318196773529053
5.1000000000000005 1.4449875354766846
5.2 1.461097240447998
5.300000000000001 1.47971510887146
5.4 1.5026440620422363
5.5 1.5310940742492676
5.6000000000000005 1.5649137496948242
5.7 1.6023163795471191
5.800000000000001 1.641977310180664
5.9 1.6643192768096924
6.0 1.6740467548370361
