0.5 9.679579734802246
0.6 7.243072032928467
0.7 5.295560836791992
0.8 3.8501014709472656
0.9 2.7750470638275146
1.0 1.8272297382354736
1.1 1.0406968593597412
1.2000000000000002 0.5321288704872131
1.3 0.3136463761329651
1.4 0.22668850421905518
1.5 0.19783467054367065
1.6 0.20460283756256104
1.7000000000000002 0.25522202253341675
1.8 0.3317106366157532
1.9000000000000001 0.38832908868789673
2.0 0.4107885956764221
2.1 0.4091786742210388
2.2 0.40118831396102905
2.3 0.40362435579299927
2.4000000000000004 0.42094630002975464
2.5 0.4474465250968933
2.6 0.4725959897041321
2.7 0.5095264315605164
2.8000000000000003 0.5540106892585754
2.9000000000000004 0.6045364737510681
3.0 0.6549054980278015
3.1 0.7007753252983093
3.2 0.747076690196991
3.3000000000000003 0.7921984791755676
3.4000000000000004 0.8368894457817078
3.5 0.8580016493797302
3.6 0.8672965168952942
3.7 0.8737384676933289
3.8000000000000003 0.8846184611320496
3.9000000000000004 0.8978906273841858
4.0 0.912261426448822
4.1 0.9254471659660339
4.2 0.9397820830345154
4.300000000000001 0.9545007348060608
4.4 0.9721534848213196
4.5 0.9925920367240906
4.6000000000000005 1.0180728435516357
4.7 1.045231819152832
4.8 1.0606639385223389
4.9 1.0777029991149902
5.0 1.100691556930542
5.1000000000000005 1.1274745464324951
5.2 1.1576883792877197
5.300000000000001 1.1925287246704102
5.4 1.2318673133850098
5.5 1.2759835720062256
5.6000000000000005 1.325770616531372
5.7 1.3573007583618164
5.800000000000001 1.3721206188201904
5.9 1.3852126598358154
6.0 1.3997337818145752
