0.5 11.048410415649414
0.6 8.398465156555176
0.7 6.188299179077148
0.8 4.459201812744141
0.9 3.194145441055298
1.0 2.178131341934204
1.1 1.3073339462280273
1.2000000000000002 0.6962800621986389
1.3 0.4153880476951599
1.4 0.30030912160873413
1.5 0.2634747624397278
1.6 0.2644405961036682
1.7000000000000002 0.3193947672843933
1.8 0.42851775884628296
1.9000000000000001 0.5223111510276794
2.0 0.5626435875892639
2.1 0.5657443404197693
2.2 0.5492537617683411
2.3 0.5370531678199768
2.4000000000000004 0.5375247597694397
2.5 0.553482711315155
2.6 0.5665256381034851
2.7 0.5778202414512634
2.8000000000000003 0.6025413870811462
2.9000000000000004 0.6396355032920837
3.0 0.6846650242805481
3.1 0.72282475233078
3.2 0.7582994103431702
3.3000000000000003 0.7931538224220276
3.4000000000000004 0.8278221487998962
3.5 0.8626088500022888
3.6 0.8826813101768494
3.7 0.8933025002479553
3.8000000000000003 0.9044128060340881
3.9000000000000004 0.9201614260673523
4.0 0.9376997351646423
4.1 0.9555439352989197
4.2 0.9759870171546936
4.300000000000001 1.001108169555664
4.4 1.0253264904022217
4.5 1.052171230316162
4.6000000000000005 1.0818724632263184
4.7 1.117861270904541
4.8 1.1560389995574951
4.9 1.1864519119262695
5.0 1.2163333892822266
5.1000000000000005 1.246234655380249
5.2 1.2770445346832275
5.300000000000001 1.3105826377868652
5.4 1.347886085510254
5.5 1.3883090019226074
5.6000000000000005 1.4317257404327393
5.7 1.4778151512145996
5.800000000000001 1.4803330898284912
5.9 1.4803330898284912
6.0 1.4803330898284912
