0.5 12.400768280029297
0.6 9.513197898864746
0.7 7.034280300140381
0.8 5.045083999633789
0.9 3.5704751014709473
1.0 2.499473810195923
1.1 1.5910401344299316
1.2000000000000002 0.9041518568992615
1.3 0.5858516097068787
1.4 0.4935550093650818
1.5 0.48187822103500366
1.6 0.5087588429450989
1.7000000000000002 0.5769694447517395
1.8 0.670922577381134
1.9000000000000001 0.7351086735725403
2.0 0.7604650855064392
2.1 0.7617704272270203
2.2 0.7636765837669373
2.3 0.7834640145301819
2.4000000000000004 0.8359232544898987
2.5 0.9113257527351379
2.6 0.9757228493690491
2.7 1.0385866165161133
2.8000000000000003 1.1038901805877686
2.9000000000000004 1.1696007251739502
3.0 1.2358407974243164
3.1 1.2848894596099854
3.2 1.3235995769500732
3.3000000000000003 1.3369805812835693
3.4000000000000004 1.3140537738800049
3.5 1.2815883159637451
3.6 1.2940962314605713
3.7 1.2895443439483643
3.8000000000000003 1.2848615646362305
3.9000000000000004 1.2830462455749512
4.0 1.292694330215454
4.1 1.3056433200836182
4.2 1.317401647567749
4.300000000000001 1.3294727802276611
4.4 1.353438138961792
4.5 1.3957278728485107
4.6000000000000005 1.4354877471923828
4.7 1.4734182357788086
4.8 1.4972143173217773
4.9 1.5178980827331543
5.0 1.5426061153411865
5.1000000000000005 1.5732364654541016
5.2 1.6056561470031738
5.300000000000001 1.6410157680511475
5.4 1.6812381744384766
5.5 1.7258872985839844
5.6000000000000005 1.7769041061401367
5.7 1.8198716640472412
5.800000000000001 1.836073398590088
5.9 1.8497185707092285
6.0 1.8651056289672852
